1 4 8 11 13 15 24 28 30 31 32 34 36 37 38 40 42 46 48 50 52 53 54 55 56 63 64 70 71 72 74 79 82 84 87 96 97 101
1 4 8 11 15 24 28 30 31 34 37 38 40 42 46 48 50 52 53 54 55 56 63 64 70 71 72 74 79 82 83 84 86 87 95 96 97 101
1 4 8 11 15 24 28 30 31 34 37 38 40 42 46 48 50 52 53 54 55 56 63 64 70 71 72 74 79 82 83 84 86 87 95 96 97 101
1 4 8 11 13 15 16 24 28 30 31 32 34 36 37 38 40 42 46 48 50 52 53 54 55 56 63 64 70 71 72 74 79 82 84 87 95 96 97 101
1 4 8 11 15 24 28 30 31 34 36 37 38 40 42 46 48 50 52 53 54 55 56 63 64 70 71 72 74 79 82 84 87 95 96 97 101

1 7 11 13 24 31 32 34 36 37 39 46 52 55 63 64 71 83 96 97 101

3 9 10 14 17 18 20 21 22 23 25 29 33 35 41 47 51 58 59 60 61 62 66 67 69 73 75 76 77 78 81 85 88 90 91 92 93 94 98 99
3 9 10 14 17 18 20 21 22 23 25 29 33 35 41 47 51 58 59 60 61 62 66 67 69 73 75 76 77 78 81 85 88 90 91 92 93 94 98 99
3 9 10 14 17 18 20 21 22 23 25 29 33 35 41 47 51 58 59 60 61 62 66 67 69 73 75 76 77 78 81 85 88 90 91 92 93 94 98 99
3 9 10 14 17 18 20 21 22 23 25 29 33 35 41 47 51 58 59 60 61 62 66 67 69 73 75 76 77 78 81 85 88 90 91 92 93 94 98 99 100