1 4 8 11 13 15 24 28 30 31 32 34 36 37 38 40 42 46 48 50 52 53 54 55 56 63 64 70 71 72 74 79 82 84 87 96 97 101 
1 4 8 11 13 15 16 24 28 30 31 32 34 36 37 38 40 42 46 48 50 52 53 54 55 56 63 64 70 71 72 74 79 82 83 84 87 95 96 97 101 
1 4 8 11 13 15 24 28 30 31 34 36 37 38 40 42 46 48 50 52 53 54 55 56 63 64 70 71 72 74 79 82 84 87 95 96 97 101 
1 4 8 11 15 24 28 30 31 34 37 38 40 42 46 48 50 52 53 54 55 56 63 64 70 71 72 74 79 82 83 84 86 87 95 96 97 101 
1 4 8 11 15 24 28 30 31 34 37 38 40 42 46 48 50 52 53 54 55 56 63 64 70 71 72 74 79 82 83 84 86 87 95 96 97 101 
1 4 6 8 11 15 24 28 31 34 37 38 42 46 48 50 52 53 54 55 56 63 64 70 71 72 74 79 82 84 86 87 95 96 97 101 
1 4 8 11 15 24 28 30 31 34 37 38 40 42 46 48 50 52 53 54 55 56 63 64 70 71 72 74 79 82 83 84 86 87 95 96 97 101 
1 4 8 11 15 24 28 30 31 34 37 38 40 42 46 48 50 52 53 54 55 56 63 64 70 71 72 74 79 82 83 84 86 87 95 96 97 101 
1 4 8 11 15 24 28 30 31 34 37 38 40 42 46 48 50 52 53 54 55 56 63 64 70 71 72 74 79 82 83 84 86 87 95 96 97 101 
1 4 8 11 15 24 28 30 31 34 37 38 40 42 46 48 50 52 53 54 55 56 63 64 70 71 72 74 79 82 84 86 87 95 96 97 101 
1 4 8 11 13 15 16 24 28 30 31 32 34 36 37 38 40 42 46 48 50 52 53 54 55 56 63 64 70 71 72 74 79 82 84 87 95 96 97 101 
1 4 8 11 15 24 28 30 31 34 37 38 40 42 46 48 50 52 53 54 55 56 63 64 70 71 72 74 79 82 84 86 87 95 96 97 101 
1 7 11 13 24 31 32 34 36 37 39 46 52 55 63 64 71 83 96 97 101 
1 4 8 11 13 15 16 24 28 30 31 32 34 36 37 38 40 42 46 48 50 52 53 54 55 56 63 64 70 71 72 74 79 82 84 87 95 96 97 101 
1 4 8 11 15 24 28 30 31 34 36 37 38 40 42 46 48 50 52 53 54 55 56 63 64 70 71 72 74 79 82 84 87 95 96 97 101 
1 4 8 11 15 24 28 30 31 34 37 38 40 42 46 48 50 52 53 54 55 56 63 64 70 71 72 74 79 82 83 84 86 87 95 96 97 101 
1 4 8 11 13 15 16 24 28 30 31 32 34 36 37 38 40 42 46 48 50 52 53 54 55 56 63 64 70 71 72 74 79 82 84 87 95 96 97 101 
1 4 8 11 13 15 24 28 30 31 32 34 36 37 38 40 42 46 48 50 52 53 54 55 56 63 64 70 71 72 74 79 82 84 87 95 96 97 101 
1 4 8 11 15 16 24 28 30 31 34 37 38 40 42 46 48 50 52 53 54 55 56 63 64 70 71 72 74 79 82 83 84 87 95 96 97 101 
1 4 8 11 13 15 16 24 28 30 31 32 34 36 37 38 40 42 46 48 50 52 53 54 55 56 63 64 70 71 72 74 79 82 84 87 95 96 97 101 
1 4 8 11 15 24 28 30 31 34 37 38 40 42 46 48 50 52 53 54 55 56 63 64 70 71 72 74 79 82 83 84 86 87 95 96 97 101 
1 4 8 11 15 24 28 30 31 34 37 38 40 42 46 48 50 52 53 54 55 56 63 64 70 71 72 74 79 82 83 84 86 87 95 96 97 101 
1 4 8 11 13 15 16 24 28 30 31 32 34 36 37 38 40 42 46 48 50 52 53 54 55 56 63 64 70 71 72 74 79 82 84 87 95 96 97 101 
1 4 8 11 13 15 16 24 28 30 31 32 34 36 37 38 40 42 46 48 50 52 53 54 55 56 63 64 70 71 72 74 79 82 84 87 95 96 97 101 
1 4 8 11 13 15 16 24 28 30 31 32 34 36 37 38 40 42 46 48 50 52 53 54 55 56 63 64 70 71 72 74 79 82 83 84 87 95 96 97 101 
1 4 8 11 15 24 28 30 31 34 37 38 40 42 46 48 50 52 53 54 55 56 63 64 70 71 72 74 79 82 83 84 86 87 95 96 97 101 
1 4 8 11 15 24 28 30 31 34 37 38 40 42 46 48 50 52 53 54 55 56 63 64 70 71 72 74 79 82 83 84 86 87 95 96 97 101 
1 4 8 11 15 24 28 30 31 34 37 38 40 42 46 48 50 52 53 54 55 56 63 64 70 71 72 74 79 82 83 84 86 87 95 96 97 101 
1 4 8 11 13 15 16 24 28 30 31 32 34 36 37 38 40 42 46 48 50 52 53 54 55 56 63 64 70 71 72 74 79 82 84 87 95 96 97 101 
1 4 8 11 15 16 24 28 30 31 34 37 38 40 42 46 48 50 52 53 54 55 56 63 64 70 71 72 74 79 82 87 96 97 101 
1 4 8 11 13 15 16 24 28 30 31 32 34 36 37 38 40 42 46 48 50 52 53 54 55 56 63 64 70 71 72 74 79 82 84 87 95 96 97 101 
1 7 11 13 24 31 32 34 36 37 39 46 52 55 63 64 71 83 89 97 101 
1 4 8 11 15 24 28 30 31 34 37 38 40 42 46 48 50 52 53 54 55 56 63 64 70 71 72 74 79 82 83 84 86 87 95 96 97 101 
1 4 8 11 13 15 16 24 28 30 31 32 34 36 37 38 40 42 46 48 50 52 53 54 55 56 63 64 70 71 72 74 79 82 84 87 95 96 97 101 
1 4 7 8 11 15 16 24 28 30 31 34 37 38 40 42 46 48 50 52 53 54 55 56 63 64 70 71 72 74 79 82 87 96 97 101 
1 11 13 15 24 31 32 34 36 37 38 39 46 52 55 63 64 71 83 89 96 97 101 
1 4 8 11 13 15 16 24 28 30 31 32 34 36 37 38 40 42 46 48 50 52 53 54 55 56 63 64 70 71 72 74 79 82 83 84 87 95 96 97 101 
1 4 8 11 15 24 28 30 31 34 36 37 38 40 42 46 48 50 52 53 54 55 56 63 64 70 71 72 74 79 82 84 87 95 96 97 101 
2 
3 9 10 14 17 18 20 21 22 23 25 29 33 35 41 47 51 58 59 60 61 62 66 67 69 73 75 76 77 78 81 85 88 90 91 92 93 94 98 99 100 
3 9 10 14 18 20 21 22 23 25 29 35 41 47 51 58 59 60 61 62 66 67 73 75 76 77 78 81 85 88 90 91 92 93 94 99 
3 9 10 14 17 18 20 22 23 25 29 33 35 47 51 58 59 60 61 62 66 67 73 75 76 77 78 81 85 88 90 91 92 93 94 98 99 100 
3 9 10 14 17 18 20 21 22 23 25 29 33 35 41 47 51 58 59 60 61 62 66 67 69 73 75 76 77 78 81 85 88 90 91 92 93 94 98 99 100 
3 9 10 14 17 18 20 21 22 23 25 29 33 35 41 47 51 58 59 60 61 62 66 67 69 73 75 76 77 78 81 85 88 90 91 92 93 94 98 99 
3 9 10 14 17 18 20 21 22 23 25 29 33 35 47 51 58 59 60 61 62 66 67 69 73 75 76 77 78 81 85 88 90 91 92 93 94 98 99 
3 9 10 14 17 18 20 21 22 23 25 29 33 35 41 47 51 58 59 60 61 62 66 67 69 73 75 76 77 78 81 85 88 90 91 92 93 94 98 99 
3 9 10 14 17 18 20 21 22 23 25 29 33 35 41 47 51 58 59 60 61 62 66 67 69 73 75 76 77 78 81 85 88 90 91 92 93 94 98 99 
3 9 10 14 17 18 20 22 23 25 27 29 33 35 41 47 58 59 60 61 62 66 67 73 75 76 77 78 81 85 88 90 91 92 93 98 99 100 
3 9 10 14 17 18 20 21 22 23 25 29 33 35 41 47 51 58 59 60 61 62 66 67 73 75 76 77 78 81 85 90 91 92 93 94 98 99 
3 9 10 14 17 18 20 21 22 23 25 29 33 35 41 47 51 58 59 60 61 62 66 67 69 73 75 76 77 78 81 85 88 90 91 92 93 94 98 99 
3 9 10 14 17 18 20 21 22 23 25 29 33 35 41 47 51 58 59 60 61 62 66 67 69 73 75 76 77 78 81 85 88 90 91 92 93 94 98 99 100 
3 9 10 14 17 18 20 21 22 23 25 29 33 35 41 47 51 58 59 60 61 62 66 67 69 73 75 76 77 78 81 85 88 90 91 92 93 94 98 99 
3 9 10 14 17 18 20 21 22 23 25 29 33 35 41 47 51 58 59 60 61 62 66 67 69 73 75 76 77 78 81 85 88 90 91 92 93 94 98 99 100 
3 5 9 10 14 18 20 21 22 23 25 29 35 41 44 45 47 51 58 59 60 61 62 66 67 68 73 75 76 77 80 81 85 90 91 92 93 94 98 99 
3 9 10 14 17 18 20 21 22 23 25 29 33 35 41 47 51 58 59 60 61 62 66 67 69 73 75 76 77 78 81 85 88 90 91 92 93 94 98 99 
3 9 10 14 17 18 20 21 22 23 25 29 33 35 41 47 51 58 59 60 61 62 66 67 69 73 75 76 77 78 81 85 88 90 91 92 93 94 98 99 
3 9 10 14 17 18 20 21 22 23 25 29 33 35 41 47 51 58 59 60 61 62 66 67 69 73 75 76 77 78 81 85 88 90 91 92 93 94 98 99 
3 9 10 14 17 18 20 21 22 23 25 29 33 35 41 47 51 58 59 60 61 62 66 67 69 73 75 76 77 78 81 85 88 90 91 92 93 94 98 99 100 
3 9 10 14 17 18 20 21 22 23 25 29 33 35 41 47 51 58 59 60 61 62 66 67 69 73 75 76 77 78 81 85 88 90 91 92 93 94 98 99 
3 9 10 14 17 18 20 21 22 23 25 29 33 35 41 47 51 58 59 60 61 62 66 67 69 73 75 76 77 78 81 85 88 90 91 92 93 94 98 99 100 
3 9 10 14 17 18 20 21 22 23 25 29 33 35 41 47 51 58 59 60 61 62 66 67 69 73 75 76 77 78 81 85 88 90 91 92 93 94 98 99 
3 9 10 14 17 18 20 21 22 23 25 29 33 35 41 47 51 58 59 60 61 62 66 67 69 73 75 76 77 78 81 85 88 90 91 92 93 94 98 99 
3 9 10 14 17 18 20 21 22 23 25 29 33 35 41 47 51 58 59 60 61 62 66 67 69 73 75 76 77 78 81 85 88 90 91 92 93 94 98 99 100 
3 9 10 14 17 18 20 22 23 25 29 33 35 47 51 58 59 60 61 62 66 67 73 75 76 77 78 81 85 88 90 91 92 93 94 98 99 100 
3 9 10 14 17 18 20 21 22 23 25 29 33 35 41 47 51 58 59 60 61 62 66 67 69 73 75 76 77 78 81 85 88 90 91 92 93 94 98 99 
3 9 10 14 17 18 20 21 22 23 25 29 33 35 41 47 51 58 59 60 61 62 66 67 69 73 75 76 77 78 81 85 88 90 91 92 93 94 98 99 100 
3 9 10 14 17 18 20 21 22 23 25 29 33 35 41 47 51 58 59 60 61 62 66 67 69 73 75 76 77 78 81 85 88 90 91 92 93 94 98 99 100 
3 9 10 14 17 18 20 21 22 23 25 29 33 35 41 47 51 58 59 60 61 62 66 67 69 73 75 76 77 78 81 85 88 90 91 92 93 94 98 99 
3 9 10 14 18 20 22 23 25 29 35 47 58 59 60 61 62 66 67 69 73 75 76 77 78 81 85 90 91 92 93 98 99 
3 9 10 14 17 18 20 21 22 23 25 29 33 35 41 47 51 58 59 60 61 62 66 67 69 73 75 76 77 78 81 85 88 90 91 92 93 94 98 99 100 
3 9 10 14 17 18 20 21 22 23 25 29 33 35 41 47 51 58 59 60 61 62 66 67 69 73 75 76 77 78 81 85 88 90 91 92 93 94 98 99 100 
3 9 10 14 17 18 20 21 22 23 25 29 33 35 41 47 51 58 59 60 61 62 66 67 73 75 76 77 78 81 85 90 91 92 93 94 98 99 
3 9 10 14 17 18 20 21 22 23 25 29 33 35 41 47 51 58 59 60 61 62 66 67 69 73 75 76 77 78 81 85 88 90 91 92 93 94 98 99 
3 9 10 14 17 18 20 21 22 23 25 29 33 35 41 47 51 58 59 60 61 62 66 67 69 73 75 76 77 78 81 85 88 90 91 92 93 94 98 99 
3 9 10 14 17 18 20 21 22 23 25 29 33 35 41 47 51 58 59 60 61 62 66 67 69 73 75 76 77 78 81 85 88 90 91 92 93 94 98 99 100 
3 9 10 14 17 18 20 21 22 23 25 29 33 35 41 47 51 58 59 60 61 62 66 67 69 73 75 76 77 78 81 85 88 90 91 92 93 94 98 99 100 
3 9 10 14 17 18 20 21 22 23 25 29 33 35 41 47 51 58 59 60 61 62 66 67 69 73 75 76 77 78 81 85 88 90 91 92 93 94 98 99 100 
3 9 10 14 17 18 20 22 23 25 29 33 35 41 47 51 58 59 60 61 62 66 67 69 73 75 76 77 78 81 85 88 90 91 92 93 94 98 99 100 
3 9 10 14 17 18 20 21 22 23 25 29 33 35 41 47 51 58 59 60 61 62 66 67 69 73 75 76 77 78 81 85 88 90 91 92 93 94 98 99 
4 6 8 11 15 24 28 31 34 37 38 42 46 48 50 52 53 54 55 56 63 64 70 71 72 74 79 82 84 86 87 95 96 97 101 
4 8 28 42 48 50 53 54 70 72 74 79 82 84 86 87 95 
4 7 8 13 28 32 36 37 42 48 50 53 54 56 70 79 82 83 87 97 101 
5 26 27 44 65 
5 21 26 27 44 57 65 
5 21 26 27 44 57 
5 19 27 44 57 
5 26 39 43 65 89 
5 26 27 44 57 68 88 100 
6 19 57 
6 19 84 95 
7 11 16 24 30 31 34 37 40 46 52 55 56 64 71 97 101 
7 13 16 32 40 83 
12 13 32 36 39 43 65 89 
12 39 89 
12 32 36 39 43 65 89 
14 17 18 22 25 27 33 35 58 60 66 67 75 76 77 78 88 93 99 100 
21 45 80 
21 45 80 
21 27 68 
39 43 65 89 
49 
