big group: 1 count: 38
friends: 1 4 8 11 13 15 24 28 30 31 32 34 36 37 38 40 42 46 48 50 52 53 54 55 56 63 64 70 71 72 74 79 82 84 87 96 97 101 

orphan: 2 count: 1
friends: 2 

big group: 3 count: 40
friends: 3 9 10 14 17 18 20 21 22 23 25 29 33 35 41 47 51 58 59 60 61 62 66 67 69 73 75 76 77 78 81 85 88 90 91 92 93 94 98 99 

big group: 4 count: 38
friends: 1 4 8 11 15 24 28 30 31 34 37 38 40 42 46 48 50 52 53 54 55 56 63 64 70 71 72 74 79 82 83 84 86 87 95 96 97 101 

orphan: 5 count: 7
friends: 5 21 26 27 44 57 65 

orphan: 6 count: 4
friends: 6 19 84 95 

orphan: 7 count: 6
friends: 7 13 16 32 40 83 

big group: 8 count: 38
friends: 1 4 8 11 15 24 28 30 31 34 37 38 40 42 46 48 50 52 53 54 55 56 63 64 70 71 72 74 79 82 83 84 86 87 95 96 97 101 

big group: 9 count: 40
friends: 3 9 10 14 17 18 20 21 22 23 25 29 33 35 41 47 51 58 59 60 61 62 66 67 69 73 75 76 77 78 81 85 88 90 91 92 93 94 98 99 

big group: 10 count: 40
friends: 3 9 10 14 17 18 20 21 22 23 25 29 33 35 41 47 51 58 59 60 61 62 66 67 69 73 75 76 77 78 81 85 88 90 91 92 93 94 98 99 

big group: 11 count: 40
friends: 1 4 8 11 13 15 16 24 28 30 31 32 34 36 37 38 40 42 46 48 50 52 53 54 55 56 63 64 70 71 72 74 79 82 84 87 95 96 97 101 

orphan: 12 count: 3
friends: 12 39 89 

small group: 13 count: 21
friends: 1 7 11 13 24 31 32 34 36 37 39 46 52 55 63 64 71 83 96 97 101 

big group: 14 count: 41
friends: 3 9 10 14 17 18 20 21 22 23 25 29 33 35 41 47 51 58 59 60 61 62 66 67 69 73 75 76 77 78 81 85 88 90 91 92 93 94 98 99 100 

big group: 15 count: 37
friends: 1 4 8 11 15 24 28 30 31 34 36 37 38 40 42 46 48 50 52 53 54 55 56 63 64 70 71 72 74 79 82 84 87 95 96 97 101 

small group: 16 count: 17
friends: 7 11 16 24 30 31 34 37 40 46 52 55 56 64 71 97 101 

big group: 17 count: 38
friends: 3 9 10 14 17 18 20 22 23 25 29 33 35 47 51 58 59 60 61 62 66 67 73 75 76 77 78 81 85 88 90 91 92 93 94 98 99 100 

big group: 18 count: 41
friends: 3 9 10 14 17 18 20 21 22 23 25 29 33 35 41 47 51 58 59 60 61 62 66 67 69 73 75 76 77 78 81 85 88 90 91 92 93 94 98 99 100 

orphan: 19 count: 3
friends: 6 19 57 

big group: 20 count: 40
friends: 3 9 10 14 17 18 20 21 22 23 25 29 33 35 41 47 51 58 59 60 61 62 66 67 69 73 75 76 77 78 81 85 88 90 91 92 93 94 98 99 

big group: 21 count: 40
friends: 3 5 9 10 14 18 20 21 22 23 25 29 35 41 44 45 47 51 58 59 60 61 62 66 67 68 73 75 76 77 80 81 85 90 91 92 93 94 98 99 

big group: 22 count: 41
friends: 3 9 10 14 17 18 20 21 22 23 25 29 33 35 41 47 51 58 59 60 61 62 66 67 69 73 75 76 77 78 81 85 88 90 91 92 93 94 98 99 100 

big group: 23 count: 40
friends: 3 9 10 14 17 18 20 21 22 23 25 29 33 35 41 47 51 58 59 60 61 62 66 67 69 73 75 76 77 78 81 85 88 90 91 92 93 94 98 99 

big group: 24 count: 40
friends: 1 4 8 11 13 15 16 24 28 30 31 32 34 36 37 38 40 42 46 48 50 52 53 54 55 56 63 64 70 71 72 74 79 82 84 87 95 96 97 101 

big group: 25 count: 41
friends: 3 9 10 14 17 18 20 21 22 23 25 29 33 35 41 47 51 58 59 60 61 62 66 67 69 73 75 76 77 78 81 85 88 90 91 92 93 94 98 99 100 

orphan: 26 count: 5
friends: 5 26 27 44 65 

orphan: 27 count: 8
friends: 5 26 27 44 57 68 88 100 

big group: 28 count: 38
friends: 1 4 8 11 15 24 28 30 31 34 37 38 40 42 46 48 50 52 53 54 55 56 63 64 70 71 72 74 79 82 83 84 86 87 95 96 97 101 

big group: 29 count: 40
friends: 3 9 10 14 17 18 20 21 22 23 25 29 33 35 41 47 51 58 59 60 61 62 66 67 69 73 75 76 77 78 81 85 88 90 91 92 93 94 98 99 

big group: 30 count: 35
friends: 1 4 8 11 15 16 24 28 30 31 34 37 38 40 42 46 48 50 52 53 54 55 56 63 64 70 71 72 74 79 82 87 96 97 101 

big group: 31 count: 40
friends: 1 4 8 11 13 15 16 24 28 30 31 32 34 36 37 38 40 42 46 48 50 52 53 54 55 56 63 64 70 71 72 74 79 82 84 87 95 96 97 101 

small group: 32 count: 21
friends: 1 7 11 13 24 31 32 34 36 37 39 46 52 55 63 64 71 83 89 97 101 

big group: 33 count: 38
friends: 3 9 10 14 17 18 20 22 23 25 29 33 35 47 51 58 59 60 61 62 66 67 73 75 76 77 78 81 85 88 90 91 92 93 94 98 99 100 

big group: 34 count: 40
friends: 1 4 8 11 13 15 16 24 28 30 31 32 34 36 37 38 40 42 46 48 50 52 53 54 55 56 63 64 70 71 72 74 79 82 84 87 95 96 97 101 

big group: 35 count: 41
friends: 3 9 10 14 17 18 20 21 22 23 25 29 33 35 41 47 51 58 59 60 61 62 66 67 69 73 75 76 77 78 81 85 88 90 91 92 93 94 98 99 100 

small group: 36 count: 23
friends: 1 11 13 15 24 31 32 34 36 37 38 39 46 52 55 63 64 71 83 89 96 97 101 

big group: 37 count: 41
friends: 1 4 8 11 13 15 16 24 28 30 31 32 34 36 37 38 40 42 46 48 50 52 53 54 55 56 63 64 70 71 72 74 79 82 83 84 87 95 96 97 101 

big group: 38 count: 37
friends: 1 4 8 11 15 24 28 30 31 34 36 37 38 40 42 46 48 50 52 53 54 55 56 63 64 70 71 72 74 79 82 84 87 95 96 97 101 

orphan: 39 count: 8
friends: 12 13 32 36 39 43 65 89 

big group: 40 count: 36
friends: 1 4 7 8 11 15 16 24 28 30 31 34 37 38 40 42 46 48 50 52 53 54 55 56 63 64 70 71 72 74 79 82 87 96 97 101 

big group: 41 count: 36
friends: 3 9 10 14 18 20 21 22 23 25 29 35 41 47 51 58 59 60 61 62 66 67 73 75 76 77 78 81 85 88 90 91 92 93 94 99 

big group: 42 count: 38
friends: 1 4 8 11 15 24 28 30 31 34 37 38 40 42 46 48 50 52 53 54 55 56 63 64 70 71 72 74 79 82 83 84 86 87 95 96 97 101 

orphan: 43 count: 4
friends: 39 43 65 89 

orphan: 44 count: 6
friends: 5 21 26 27 44 57 

orphan: 45 count: 3
friends: 21 45 80 

big group: 46 count: 40
friends: 1 4 8 11 13 15 16 24 28 30 31 32 34 36 37 38 40 42 46 48 50 52 53 54 55 56 63 64 70 71 72 74 79 82 84 87 95 96 97 101 

big group: 47 count: 40
friends: 3 9 10 14 17 18 20 21 22 23 25 29 33 35 41 47 51 58 59 60 61 62 66 67 69 73 75 76 77 78 81 85 88 90 91 92 93 94 98 99 

big group: 48 count: 38
friends: 1 4 8 11 15 24 28 30 31 34 37 38 40 42 46 48 50 52 53 54 55 56 63 64 70 71 72 74 79 82 83 84 86 87 95 96 97 101 

orphan: 49 count: 1
friends: 49 

big group: 50 count: 38
friends: 1 4 8 11 15 24 28 30 31 34 37 38 40 42 46 48 50 52 53 54 55 56 63 64 70 71 72 74 79 82 83 84 86 87 95 96 97 101 

big group: 51 count: 38
friends: 3 9 10 14 17 18 20 21 22 23 25 29 33 35 41 47 51 58 59 60 61 62 66 67 73 75 76 77 78 81 85 90 91 92 93 94 98 99 

big group: 52 count: 40
friends: 1 4 8 11 13 15 16 24 28 30 31 32 34 36 37 38 40 42 46 48 50 52 53 54 55 56 63 64 70 71 72 74 79 82 84 87 95 96 97 101 

big group: 53 count: 38
friends: 1 4 8 11 15 24 28 30 31 34 37 38 40 42 46 48 50 52 53 54 55 56 63 64 70 71 72 74 79 82 83 84 86 87 95 96 97 101 

big group: 54 count: 38
friends: 1 4 8 11 15 24 28 30 31 34 37 38 40 42 46 48 50 52 53 54 55 56 63 64 70 71 72 74 79 82 83 84 86 87 95 96 97 101 

big group: 55 count: 40
friends: 1 4 8 11 13 15 16 24 28 30 31 32 34 36 37 38 40 42 46 48 50 52 53 54 55 56 63 64 70 71 72 74 79 82 84 87 95 96 97 101 

big group: 56 count: 38
friends: 1 4 8 11 15 16 24 28 30 31 34 37 38 40 42 46 48 50 52 53 54 55 56 63 64 70 71 72 74 79 82 83 84 87 95 96 97 101 

orphan: 57 count: 5
friends: 5 19 27 44 57 

big group: 58 count: 41
friends: 3 9 10 14 17 18 20 21 22 23 25 29 33 35 41 47 51 58 59 60 61 62 66 67 69 73 75 76 77 78 81 85 88 90 91 92 93 94 98 99 100 

big group: 59 count: 40
friends: 3 9 10 14 17 18 20 21 22 23 25 29 33 35 41 47 51 58 59 60 61 62 66 67 69 73 75 76 77 78 81 85 88 90 91 92 93 94 98 99 

big group: 60 count: 41
friends: 3 9 10 14 17 18 20 21 22 23 25 29 33 35 41 47 51 58 59 60 61 62 66 67 69 73 75 76 77 78 81 85 88 90 91 92 93 94 98 99 100 

big group: 61 count: 40
friends: 3 9 10 14 17 18 20 21 22 23 25 29 33 35 41 47 51 58 59 60 61 62 66 67 69 73 75 76 77 78 81 85 88 90 91 92 93 94 98 99 

big group: 62 count: 40
friends: 3 9 10 14 17 18 20 21 22 23 25 29 33 35 41 47 51 58 59 60 61 62 66 67 69 73 75 76 77 78 81 85 88 90 91 92 93 94 98 99 

big group: 63 count: 39
friends: 1 4 8 11 13 15 24 28 30 31 32 34 36 37 38 40 42 46 48 50 52 53 54 55 56 63 64 70 71 72 74 79 82 84 87 95 96 97 101 

big group: 64 count: 40
friends: 1 4 8 11 13 15 16 24 28 30 31 32 34 36 37 38 40 42 46 48 50 52 53 54 55 56 63 64 70 71 72 74 79 82 84 87 95 96 97 101 

orphan: 65 count: 6
friends: 5 26 39 43 65 89 

big group: 66 count: 41
friends: 3 9 10 14 17 18 20 21 22 23 25 29 33 35 41 47 51 58 59 60 61 62 66 67 69 73 75 76 77 78 81 85 88 90 91 92 93 94 98 99 100 

big group: 67 count: 41
friends: 3 9 10 14 17 18 20 21 22 23 25 29 33 35 41 47 51 58 59 60 61 62 66 67 69 73 75 76 77 78 81 85 88 90 91 92 93 94 98 99 100 

orphan: 68 count: 3
friends: 21 27 68 

big group: 69 count: 33
friends: 3 9 10 14 18 20 22 23 25 29 35 47 58 59 60 61 62 66 67 69 73 75 76 77 78 81 85 90 91 92 93 98 99 

big group: 70 count: 38
friends: 1 4 8 11 15 24 28 30 31 34 37 38 40 42 46 48 50 52 53 54 55 56 63 64 70 71 72 74 79 82 83 84 86 87 95 96 97 101 

big group: 71 count: 40
friends: 1 4 8 11 13 15 16 24 28 30 31 32 34 36 37 38 40 42 46 48 50 52 53 54 55 56 63 64 70 71 72 74 79 82 84 87 95 96 97 101 

big group: 72 count: 37
friends: 1 4 8 11 15 24 28 30 31 34 37 38 40 42 46 48 50 52 53 54 55 56 63 64 70 71 72 74 79 82 84 86 87 95 96 97 101 

big group: 73 count: 40
friends: 3 9 10 14 17 18 20 21 22 23 25 29 33 35 41 47 51 58 59 60 61 62 66 67 69 73 75 76 77 78 81 85 88 90 91 92 93 94 98 99 

big group: 74 count: 37
friends: 1 4 8 11 15 24 28 30 31 34 37 38 40 42 46 48 50 52 53 54 55 56 63 64 70 71 72 74 79 82 84 86 87 95 96 97 101 

big group: 75 count: 41
friends: 3 9 10 14 17 18 20 21 22 23 25 29 33 35 41 47 51 58 59 60 61 62 66 67 69 73 75 76 77 78 81 85 88 90 91 92 93 94 98 99 100 

big group: 76 count: 41
friends: 3 9 10 14 17 18 20 21 22 23 25 29 33 35 41 47 51 58 59 60 61 62 66 67 69 73 75 76 77 78 81 85 88 90 91 92 93 94 98 99 100 

big group: 77 count: 41
friends: 3 9 10 14 17 18 20 21 22 23 25 29 33 35 41 47 51 58 59 60 61 62 66 67 69 73 75 76 77 78 81 85 88 90 91 92 93 94 98 99 100 

big group: 78 count: 40
friends: 3 9 10 14 17 18 20 22 23 25 29 33 35 41 47 51 58 59 60 61 62 66 67 69 73 75 76 77 78 81 85 88 90 91 92 93 94 98 99 100 

big group: 79 count: 38
friends: 1 4 8 11 15 24 28 30 31 34 37 38 40 42 46 48 50 52 53 54 55 56 63 64 70 71 72 74 79 82 83 84 86 87 95 96 97 101 

orphan: 80 count: 3
friends: 21 45 80 

big group: 81 count: 40
friends: 3 9 10 14 17 18 20 21 22 23 25 29 33 35 41 47 51 58 59 60 61 62 66 67 69 73 75 76 77 78 81 85 88 90 91 92 93 94 98 99 

big group: 82 count: 38
friends: 1 4 8 11 15 24 28 30 31 34 37 38 40 42 46 48 50 52 53 54 55 56 63 64 70 71 72 74 79 82 83 84 86 87 95 96 97 101 

small group: 83 count: 21
friends: 4 7 8 13 28 32 36 37 42 48 50 53 54 56 70 79 82 83 87 97 101 

big group: 84 count: 36
friends: 1 4 6 8 11 15 24 28 31 34 37 38 42 46 48 50 52 53 54 55 56 63 64 70 71 72 74 79 82 84 86 87 95 96 97 101 

big group: 85 count: 40
friends: 3 9 10 14 17 18 20 21 22 23 25 29 33 35 41 47 51 58 59 60 61 62 66 67 69 73 75 76 77 78 81 85 88 90 91 92 93 94 98 99 

small group: 86 count: 17
friends: 4 8 28 42 48 50 53 54 70 72 74 79 82 84 86 87 95 

big group: 87 count: 38
friends: 1 4 8 11 15 24 28 30 31 34 37 38 40 42 46 48 50 52 53 54 55 56 63 64 70 71 72 74 79 82 83 84 86 87 95 96 97 101 

big group: 88 count: 38
friends: 3 9 10 14 17 18 20 22 23 25 27 29 33 35 41 47 58 59 60 61 62 66 67 73 75 76 77 78 81 85 88 90 91 92 93 98 99 100 

orphan: 89 count: 7
friends: 12 32 36 39 43 65 89 

big group: 90 count: 40
friends: 3 9 10 14 17 18 20 21 22 23 25 29 33 35 41 47 51 58 59 60 61 62 66 67 69 73 75 76 77 78 81 85 88 90 91 92 93 94 98 99 

big group: 91 count: 40
friends: 3 9 10 14 17 18 20 21 22 23 25 29 33 35 41 47 51 58 59 60 61 62 66 67 69 73 75 76 77 78 81 85 88 90 91 92 93 94 98 99 

big group: 92 count: 40
friends: 3 9 10 14 17 18 20 21 22 23 25 29 33 35 41 47 51 58 59 60 61 62 66 67 69 73 75 76 77 78 81 85 88 90 91 92 93 94 98 99 

big group: 93 count: 41
friends: 3 9 10 14 17 18 20 21 22 23 25 29 33 35 41 47 51 58 59 60 61 62 66 67 69 73 75 76 77 78 81 85 88 90 91 92 93 94 98 99 100 

big group: 94 count: 38
friends: 3 9 10 14 17 18 20 21 22 23 25 29 33 35 41 47 51 58 59 60 61 62 66 67 73 75 76 77 78 81 85 90 91 92 93 94 98 99 

big group: 95 count: 35
friends: 4 6 8 11 15 24 28 31 34 37 38 42 46 48 50 52 53 54 55 56 63 64 70 71 72 74 79 82 84 86 87 95 96 97 101 

big group: 96 count: 38
friends: 1 4 8 11 13 15 24 28 30 31 34 36 37 38 40 42 46 48 50 52 53 54 55 56 63 64 70 71 72 74 79 82 84 87 95 96 97 101 

big group: 97 count: 41
friends: 1 4 8 11 13 15 16 24 28 30 31 32 34 36 37 38 40 42 46 48 50 52 53 54 55 56 63 64 70 71 72 74 79 82 83 84 87 95 96 97 101 

big group: 98 count: 39
friends: 3 9 10 14 17 18 20 21 22 23 25 29 33 35 47 51 58 59 60 61 62 66 67 69 73 75 76 77 78 81 85 88 90 91 92 93 94 98 99 

big group: 99 count: 41
friends: 3 9 10 14 17 18 20 21 22 23 25 29 33 35 41 47 51 58 59 60 61 62 66 67 69 73 75 76 77 78 81 85 88 90 91 92 93 94 98 99 100 

small group: 100 count: 20
friends: 14 17 18 22 25 27 33 35 58 60 66 67 75 76 77 78 88 93 99 100 

big group: 101 count: 41
friends: 1 4 8 11 13 15 16 24 28 30 31 32 34 36 37 38 40 42 46 48 50 52 53 54 55 56 63 64 70 71 72 74 79 82 83 84 87 95 96 97 101 

