1.00 0.33 0.09 0.91 0.37 0.57 0.72 0.89 0.11 0.09 0.98 0.48 0.76 0.02 0.91 0.74 0.15 0.02 0.57 0.09 0.24 0.02 0.09 0.96 0.02 0.43 0.37 0.89 0.09 0.89 0.96 0.76 0.15 0.96 0.04 0.76 0.96 0.89 0.70 0.87 0.17 0.89 0.54 0.35 0.35 0.96 0.09 0.89 0.37 0.89 0.15 0.96 0.89 0.89 0.96 0.83 0.41 0.11 0.11 0.02 0.09 0.09 0.93 0.96 0.48 0.02 0.02 0.26 0.15 0.89 0.96 0.83 0.09 0.83 0.02 0.02 0.02 0.04 0.89 0.41 0.11 0.89 0.72 0.78 0.09 0.72 0.91 0.15 0.67 0.09 0.09 0.09 0.02 0.15 0.74 0.89 0.96 0.11 0.04 0.20 0.96 
0.33 1.00 0.61 0.35 0.59 0.52 0.52 0.37 0.61 0.61 0.30 0.61 0.46 0.67 0.37 0.35 0.54 0.67 0.67 0.61 0.50 0.67 0.61 0.30 0.67 0.65 0.61 0.37 0.61 0.28 0.30 0.41 0.54 0.30 0.67 0.46 0.30 0.37 0.52 0.35 0.65 0.37 0.70 0.61 0.35 0.30 0.61 0.37 0.33 0.37 0.59 0.30 0.37 0.37 0.30 0.35 0.54 0.59 0.61 0.67 0.61 0.61 0.33 0.33 0.74 0.67 0.67 0.43 0.59 0.37 0.30 0.39 0.61 0.43 0.67 0.67 0.67 0.65 0.37 0.28 0.61 0.37 0.54 0.48 0.61 0.50 0.37 0.63 0.59 0.61 0.61 0.63 0.67 0.54 0.52 0.37 0.30 0.67 0.67 0.59 0.30 
0.09 0.61 1.00 0.02 0.72 0.33 0.33 0.00 0.98 0.98 0.07 0.59 0.28 0.91 0.13 0.28 0.80 0.91 0.39 0.98 0.85 0.91 0.98 0.07 0.93 0.63 0.59 0.00 1.00 0.13 0.07 0.26 0.78 0.07 0.91 0.26 0.09 0.13 0.37 0.15 0.91 0.00 0.41 0.72 0.70 0.07 0.98 0.00 0.65 0.00 0.93 0.07 0.00 0.02 0.07 0.07 0.54 0.96 0.98 0.91 1.00 0.98 0.11 0.07 0.48 0.91 0.91 0.63 0.78 0.00 0.07 0.07 0.98 0.07 0.91 0.91 0.93 0.89 0.02 0.61 0.98 0.00 0.20 0.11 1.00 0.17 0.00 0.78 0.41 0.98 1.00 0.98 0.93 0.91 0.17 0.13 0.09 0.83 0.91 0.74 0.09 
0.91 0.35 0.02 1.00 0.30 0.63 0.67 0.96 0.02 0.02 0.93 0.41 0.74 0.04 0.87 0.72 0.17 0.04 0.57 0.02 0.17 0.04 0.02 0.93 0.04 0.37 0.37 0.96 0.02 0.87 0.93 0.74 0.17 0.93 0.04 0.74 0.93 0.87 0.63 0.85 0.11 0.96 0.54 0.28 0.33 0.93 0.02 0.96 0.35 0.96 0.09 0.93 0.96 0.96 0.93 0.89 0.43 0.04 0.02 0.04 0.02 0.02 0.91 0.93 0.50 0.04 0.04 0.33 0.17 0.96 0.93 0.89 0.02 0.89 0.04 0.04 0.04 0.07 0.96 0.39 0.02 0.96 0.78 0.85 0.02 0.78 0.96 0.17 0.61 0.02 0.02 0.02 0.04 0.09 0.80 0.87 0.93 0.13 0.04 0.22 0.93 
0.37 0.59 0.72 0.30 1.00 0.61 0.35 0.28 0.70 0.70 0.35 0.61 0.57 0.63 0.41 0.17 0.57 0.63 0.63 0.70 0.83 0.63 0.70 0.35 0.65 0.87 0.83 0.28 0.72 0.28 0.35 0.54 0.54 0.35 0.63 0.54 0.37 0.41 0.65 0.26 0.72 0.28 0.70 0.96 0.63 0.35 0.70 0.28 0.37 0.28 0.65 0.35 0.28 0.30 0.35 0.22 0.83 0.72 0.70 0.63 0.72 0.70 0.35 0.35 0.76 0.63 0.63 0.61 0.50 0.28 0.35 0.35 0.70 0.35 0.63 0.63 0.65 0.65 0.30 0.63 0.70 0.28 0.39 0.39 0.72 0.46 0.28 0.63 0.65 0.70 0.72 0.70 0.65 0.63 0.46 0.41 0.37 0.72 0.63 0.67 0.37 
0.57 0.52 0.33 0.63 0.61 1.00 0.33 0.65 0.33 0.33 0.59 0.33 0.43 0.39 0.65 0.41 0.30 0.39 0.78 0.33 0.48 0.39 0.33 0.59 0.39 0.54 0.59 0.65 0.33 0.52 0.59 0.39 0.30 0.59 0.39 0.48 0.59 0.65 0.37 0.50 0.33 0.65 0.54 0.59 0.63 0.59 0.33 0.65 0.48 0.65 0.26 0.59 0.65 0.65 0.59 0.59 0.74 0.35 0.33 0.39 0.33 0.33 0.57 0.59 0.59 0.39 0.39 0.54 0.52 0.65 0.59 0.72 0.33 0.72 0.39 0.39 0.39 0.41 0.65 0.65 0.33 0.65 0.48 0.76 0.33 0.70 0.65 0.39 0.43 0.33 0.33 0.33 0.39 0.26 0.76 0.65 0.59 0.48 0.39 0.43 0.59 
0.72 0.52 0.33 0.67 0.35 0.33 1.00 0.65 0.35 0.33 0.74 0.67 0.78 0.26 0.67 0.76 0.39 0.26 0.37 0.33 0.17 0.26 0.33 0.72 0.26 0.41 0.35 0.65 0.33 0.65 0.72 0.78 0.39 0.72 0.28 0.74 0.72 0.65 0.67 0.80 0.41 0.65 0.52 0.37 0.15 0.72 0.33 0.65 0.39 0.65 0.39 0.72 0.65 0.65 0.72 0.63 0.22 0.30 0.35 0.26 0.33 0.33 0.70 0.72 0.46 0.26 0.26 0.24 0.17 0.65 0.72 0.59 0.33 0.59 0.26 0.26 0.26 0.28 0.65 0.17 0.35 0.65 0.83 0.54 0.33 0.57 0.67 0.35 0.65 0.33 0.33 0.33 0.26 0.39 0.54 0.65 0.72 0.22 0.28 0.35 0.72 
0.89 0.37 0.00 0.96 0.28 0.65 0.65 1.00 0.00 0.00 0.91 0.39 0.72 0.07 0.85 0.70 0.20 0.07 0.59 0.00 0.15 0.07 0.00 0.91 0.07 0.35 0.39 0.98 0.00 0.85 0.91 0.72 0.20 0.91 0.07 0.72 0.91 0.85 0.61 0.83 0.09 0.98 0.57 0.26 0.30 0.91 0.00 0.98 0.33 0.98 0.07 0.91 0.98 0.98 0.91 0.91 0.46 0.02 0.00 0.07 0.00 0.00 0.89 0.91 0.52 0.07 0.07 0.35 0.20 0.98 0.91 0.91 0.00 0.91 0.07 0.07 0.07 0.09 0.98 0.37 0.00 0.98 0.80 0.87 0.00 0.80 0.98 0.20 0.59 0.00 0.00 0.00 0.07 0.07 0.83 0.85 0.91 0.15 0.07 0.24 0.91 
0.11 0.61 0.98 0.02 0.70 0.33 0.35 0.00 1.00 0.98 0.09 0.59 0.26 0.91 0.15 0.28 0.78 0.91 0.41 0.98 0.83 0.91 0.98 0.07 0.91 0.63 0.61 0.00 0.98 0.13 0.07 0.26 0.78 0.07 0.93 0.26 0.07 0.13 0.37 0.15 0.89 0.00 0.43 0.72 0.67 0.07 0.98 0.00 0.65 0.00 0.91 0.07 0.00 0.00 0.07 0.07 0.52 0.96 1.00 0.91 0.98 0.98 0.09 0.07 0.46 0.91 0.91 0.63 0.78 0.00 0.07 0.07 0.98 0.07 0.91 0.91 0.91 0.89 0.00 0.61 1.00 0.00 0.17 0.11 0.98 0.17 0.02 0.78 0.39 0.98 0.98 0.98 0.91 0.91 0.15 0.13 0.07 0.83 0.93 0.74 0.07 
0.09 0.61 0.98 0.02 0.70 0.33 0.33 0.00 0.98 1.00 0.07 0.59 0.26 0.91 0.13 0.28 0.78 0.91 0.39 0.98 0.83 0.91 0.98 0.07 0.91 0.63 0.59 0.00 0.98 0.13 0.07 0.26 0.78 0.07 0.91 0.26 0.07 0.13 0.37 0.15 0.89 0.00 0.41 0.72 0.67 0.07 0.98 0.00 0.65 0.00 0.91 0.07 0.00 0.00 0.07 0.07 0.52 0.96 0.98 0.91 0.98 0.98 0.09 0.07 0.46 0.91 0.91 0.63 0.78 0.00 0.07 0.07 0.98 0.07 0.91 0.91 0.91 0.89 0.00 0.61 0.98 0.00 0.17 0.11 0.98 0.17 0.00 0.78 0.39 0.98 0.98 0.98 0.91 0.91 0.15 0.13 0.07 0.83 0.91 0.74 0.07 
0.98 0.30 0.07 0.93 0.35 0.59 0.74 0.91 0.09 0.07 1.00 0.46 0.78 0.00 0.93 0.76 0.13 0.00 0.54 0.07 0.22 0.00 0.07 0.98 0.00 0.41 0.35 0.91 0.07 0.91 0.98 0.78 0.13 0.98 0.02 0.78 0.98 0.91 0.67 0.89 0.15 0.91 0.52 0.33 0.37 0.98 0.07 0.91 0.39 0.91 0.13 0.98 0.91 0.91 0.98 0.85 0.39 0.09 0.09 0.00 0.07 0.07 0.96 0.98 0.46 0.00 0.00 0.28 0.13 0.91 0.98 0.85 0.07 0.85 0.00 0.00 0.00 0.02 0.91 0.43 0.09 0.91 0.74 0.80 0.07 0.74 0.93 0.13 0.65 0.07 0.07 0.07 0.00 0.13 0.76 0.91 0.98 0.09 0.02 0.17 0.98 
0.48 0.61 0.59 0.41 0.61 0.33 0.67 0.39 0.59 0.59 0.46 1.00 0.65 0.52 0.52 0.54 0.52 0.52 0.48 0.59 0.48 0.52 0.59 0.46 0.52 0.59 0.46 0.39 0.59 0.43 0.46 0.65 0.52 0.46 0.52 0.65 0.46 0.52 0.76 0.50 0.63 0.39 0.72 0.63 0.33 0.46 0.59 0.39 0.35 0.39 0.65 0.46 0.39 0.39 0.46 0.41 0.43 0.57 0.59 0.52 0.59 0.59 0.43 0.46 0.67 0.52 0.52 0.28 0.39 0.39 0.46 0.33 0.59 0.37 0.52 0.52 0.52 0.54 0.39 0.30 0.59 0.39 0.52 0.41 0.59 0.43 0.39 0.43 0.78 0.59 0.59 0.59 0.52 0.61 0.46 0.52 0.46 0.48 0.52 0.43 0.46 
0.76 0.46 0.28 0.74 0.57 0.43 0.78 0.72 0.26 0.26 0.78 0.65 1.00 0.20 0.72 0.61 0.35 0.20 0.46 0.26 0.39 0.20 0.26 0.78 0.22 0.57 0.48 0.72 0.28 0.72 0.78 0.89 0.33 0.78 0.20 0.80 0.80 0.72 0.87 0.70 0.37 0.72 0.70 0.52 0.28 0.78 0.26 0.72 0.28 0.72 0.35 0.78 0.72 0.74 0.78 0.65 0.39 0.28 0.26 0.20 0.28 0.26 0.78 0.78 0.67 0.20 0.20 0.35 0.11 0.72 0.78 0.65 0.26 0.65 0.20 0.20 0.22 0.22 0.74 0.28 0.26 0.72 0.83 0.61 0.28 0.63 0.72 0.28 0.74 0.26 0.28 0.26 0.22 0.33 0.63 0.76 0.80 0.28 0.20 0.33 0.80 
0.02 0.67 0.91 0.04 0.63 0.39 0.26 0.07 0.91 0.91 0.00 0.52 0.20 1.00 0.07 0.22 0.85 0.98 0.46 0.91 0.76 0.98 0.91 0.00 0.98 0.57 0.65 0.07 0.91 0.07 0.00 0.20 0.85 0.00 0.98 0.20 0.00 0.07 0.30 0.09 0.83 0.07 0.48 0.65 0.61 0.00 0.91 0.07 0.59 0.07 0.85 0.00 0.07 0.07 0.00 0.13 0.59 0.89 0.91 0.98 0.91 0.91 0.02 0.00 0.52 0.98 0.98 0.70 0.85 0.07 0.00 0.13 0.91 0.13 0.98 0.98 0.98 0.96 0.07 0.54 0.91 0.07 0.24 0.17 0.91 0.24 0.07 0.85 0.33 0.91 0.91 0.91 0.98 0.85 0.22 0.07 0.00 0.89 0.98 0.80 0.00 
0.91 0.37 0.13 0.87 0.41 0.65 0.67 0.85 0.15 0.13 0.93 0.52 0.72 0.07 1.00 0.70 0.07 0.07 0.61 0.13 0.28 0.07 0.13 0.91 0.07 0.48 0.33 0.85 0.13 0.85 0.91 0.72 0.07 0.91 0.09 0.80 0.91 0.98 0.61 0.83 0.22 0.85 0.59 0.39 0.43 0.91 0.13 0.85 0.41 0.85 0.20 0.91 0.85 0.85 0.91 0.78 0.46 0.15 0.15 0.07 0.13 0.13 0.89 0.91 0.52 0.07 0.07 0.26 0.20 0.85 0.91 0.78 0.13 0.83 0.07 0.07 0.07 0.09 0.85 0.50 0.15 0.85 0.67 0.87 0.13 0.72 0.87 0.11 0.72 0.13 0.13 0.13 0.07 0.15 0.83 0.93 0.91 0.15 0.09 0.15 0.91 
0.74 0.35 0.28 0.72 0.17 0.41 0.76 0.70 0.28 0.28 0.76 0.54 0.61 0.22 0.70 1.00 0.35 0.22 0.39 0.28 0.17 0.22 0.28 0.76 0.22 0.20 0.11 0.70 0.28 0.78 0.76 0.57 0.35 0.76 0.22 0.57 0.76 0.70 0.50 0.85 0.28 0.70 0.33 0.20 0.37 0.76 0.28 0.70 0.61 0.70 0.35 0.76 0.70 0.70 0.76 0.76 0.17 0.26 0.28 0.22 0.28 0.28 0.74 0.76 0.28 0.22 0.22 0.20 0.35 0.70 0.76 0.63 0.28 0.63 0.22 0.22 0.22 0.24 0.70 0.35 0.28 0.70 0.61 0.59 0.28 0.52 0.70 0.17 0.48 0.28 0.28 0.28 0.22 0.35 0.54 0.74 0.76 0.13 0.22 0.17 0.76 
0.15 0.54 0.80 0.17 0.57 0.30 0.39 0.20 0.78 0.78 0.13 0.52 0.35 0.85 0.07 0.35 1.00 0.85 0.37 0.78 0.65 0.85 0.78 0.13 0.87 0.43 0.61 0.20 0.80 0.15 0.13 0.33 0.98 0.13 0.85 0.24 0.15 0.07 0.43 0.22 0.72 0.20 0.39 0.57 0.50 0.13 0.78 0.20 0.59 0.20 0.83 0.13 0.20 0.22 0.13 0.26 0.52 0.76 0.78 0.85 0.80 0.78 0.13 0.13 0.54 0.85 0.85 0.65 0.72 0.20 0.13 0.17 0.78 0.13 0.85 0.85 0.87 0.87 0.22 0.41 0.78 0.20 0.39 0.09 0.80 0.24 0.20 0.80 0.35 0.78 0.80 0.78 0.87 0.85 0.15 0.11 0.15 0.76 0.85 0.80 0.15 
0.02 0.67 0.91 0.04 0.63 0.39 0.26 0.07 0.91 0.91 0.00 0.52 0.20 0.98 0.07 0.22 0.85 1.00 0.46 0.91 0.76 0.98 0.91 0.00 0.98 0.57 0.65 0.07 0.91 0.07 0.00 0.20 0.85 0.00 0.98 0.20 0.00 0.07 0.30 0.09 0.83 0.07 0.48 0.65 0.61 0.00 0.91 0.07 0.59 0.07 0.85 0.00 0.07 0.07 0.00 0.13 0.59 0.89 0.91 0.98 0.91 0.91 0.02 0.00 0.52 0.98 0.98 0.70 0.85 0.07 0.00 0.13 0.91 0.13 0.98 0.98 0.98 0.96 0.07 0.54 0.91 0.07 0.24 0.17 0.91 0.24 0.07 0.85 0.33 0.91 0.91 0.91 0.98 0.85 0.22 0.07 0.00 0.89 0.98 0.80 0.00 
0.57 0.67 0.39 0.57 0.63 0.78 0.37 0.59 0.41 0.39 0.54 0.48 0.46 0.46 0.61 0.39 0.37 0.46 1.00 0.39 0.46 0.46 0.39 0.52 0.46 0.65 0.63 0.59 0.39 0.46 0.52 0.41 0.37 0.52 0.48 0.46 0.52 0.59 0.52 0.43 0.39 0.59 0.72 0.65 0.48 0.52 0.39 0.59 0.33 0.59 0.33 0.52 0.59 0.59 0.52 0.57 0.76 0.37 0.41 0.46 0.39 0.39 0.50 0.52 0.70 0.46 0.46 0.39 0.59 0.59 0.52 0.65 0.39 0.65 0.46 0.46 0.46 0.48 0.59 0.50 0.41 0.59 0.50 0.70 0.39 0.72 0.61 0.41 0.63 0.39 0.39 0.39 0.46 0.33 0.74 0.59 0.52 0.54 0.48 0.46 0.52 
0.09 0.61 0.98 0.02 0.70 0.33 0.33 0.00 0.98 0.98 0.07 0.59 0.26 0.91 0.13 0.28 0.78 0.91 0.39 1.00 0.83 0.91 0.98 0.07 0.91 0.63 0.59 0.00 0.98 0.13 0.07 0.26 0.78 0.07 0.91 0.28 0.07 0.13 0.37 0.15 0.89 0.00 0.41 0.72 0.67 0.07 0.98 0.00 0.65 0.00 0.91 0.07 0.00 0.00 0.07 0.07 0.52 0.96 0.98 0.91 0.98 0.98 0.09 0.07 0.46 0.91 0.91 0.63 0.78 0.00 0.07 0.07 0.98 0.07 0.91 0.91 0.91 0.89 0.00 0.61 0.98 0.00 0.17 0.11 0.98 0.17 0.00 0.78 0.39 0.98 0.98 0.98 0.91 0.91 0.15 0.13 0.07 0.83 0.91 0.74 0.07 
0.24 0.50 0.85 0.17 0.83 0.48 0.17 0.15 0.83 0.83 0.22 0.48 0.39 0.76 0.28 0.17 0.65 0.76 0.46 0.83 1.00 0.76 0.83 0.22 0.78 0.74 0.70 0.15 0.85 0.28 0.22 0.37 0.63 0.22 0.76 0.41 0.24 0.28 0.48 0.13 0.76 0.15 0.52 0.78 0.80 0.22 0.83 0.15 0.54 0.15 0.78 0.22 0.15 0.17 0.22 0.17 0.65 0.85 0.83 0.76 0.85 0.83 0.26 0.22 0.59 0.76 0.76 0.78 0.63 0.15 0.22 0.22 0.83 0.22 0.76 0.76 0.78 0.74 0.17 0.76 0.83 0.15 0.22 0.26 0.85 0.28 0.15 0.67 0.48 0.83 0.85 0.83 0.78 0.76 0.28 0.28 0.24 0.80 0.76 0.67 0.24 
0.02 0.67 0.91 0.04 0.63 0.39 0.26 0.07 0.91 0.91 0.00 0.52 0.20 0.98 0.07 0.22 0.85 0.98 0.46 0.91 0.76 1.00 0.93 0.00 0.98 0.57 0.65 0.07 0.91 0.07 0.02 0.20 0.87 0.00 0.98 0.20 0.00 0.09 0.33 0.09 0.83 0.07 0.48 0.65 0.61 0.00 0.93 0.07 0.61 0.07 0.85 0.00 0.09 0.07 0.02 0.13 0.59 0.89 0.91 0.98 0.91 0.91 0.02 0.00 0.52 1.00 1.00 0.72 0.87 0.09 0.02 0.15 0.93 0.13 0.98 0.98 0.98 0.96 0.07 0.54 0.91 0.07 0.24 0.17 0.91 0.24 0.07 0.85 0.33 0.91 0.91 0.91 0.98 0.85 0.22 0.07 0.00 0.89 0.98 0.80 0.00 
0.09 0.61 0.98 0.02 0.70 0.33 0.33 0.00 0.98 0.98 0.07 0.59 0.26 0.91 0.13 0.28 0.78 0.91 0.39 0.98 0.83 0.93 1.00 0.07 0.91 0.63 0.59 0.00 0.98 0.13 0.09 0.26 0.80 0.07 0.91 0.26 0.07 0.15 0.39 0.15 0.89 0.00 0.41 0.72 0.67 0.07 1.00 0.00 0.67 0.00 0.91 0.07 0.02 0.00 0.09 0.07 0.52 0.96 0.98 0.91 0.98 0.98 0.09 0.07 0.46 0.93 0.93 0.65 0.80 0.02 0.09 0.09 1.00 0.07 0.91 0.91 0.91 0.89 0.00 0.61 0.98 0.00 0.17 0.11 0.98 0.17 0.00 0.78 0.39 0.98 0.98 0.98 0.91 0.91 0.15 0.13 0.07 0.83 0.91 0.74 0.07 
0.96 0.30 0.07 0.93 0.35 0.59 0.72 0.91 0.07 0.07 0.98 0.46 0.78 0.00 0.91 0.76 0.13 0.00 0.52 0.07 0.22 0.00 0.07 1.00 0.00 0.41 0.33 0.91 0.07 0.91 0.98 0.78 0.13 0.98 0.00 0.78 0.98 0.91 0.67 0.89 0.15 0.91 0.50 0.33 0.37 0.98 0.07 0.91 0.39 0.91 0.13 0.98 0.91 0.91 0.98 0.85 0.39 0.09 0.07 0.00 0.07 0.07 0.96 0.98 0.46 0.00 0.00 0.28 0.13 0.91 0.98 0.85 0.07 0.85 0.00 0.00 0.00 0.02 0.91 0.43 0.07 0.91 0.74 0.80 0.07 0.74 0.91 0.13 0.65 0.07 0.07 0.07 0.00 0.13 0.76 0.91 0.98 0.09 0.00 0.17 0.98 
0.02 0.67 0.93 0.04 0.65 0.39 0.26 0.07 0.91 0.91 0.00 0.52 0.22 0.98 0.07 0.22 0.87 0.98 0.46 0.91 0.78 0.98 0.91 0.00 1.00 0.57 0.65 0.07 0.93 0.07 0.00 0.20 0.85 0.00 0.98 0.20 0.02 0.07 0.30 0.09 0.85 0.07 0.48 0.65 0.63 0.00 0.91 0.07 0.59 0.07 0.87 0.00 0.07 0.09 0.00 0.13 0.61 0.89 0.91 0.98 0.93 0.91 0.04 0.00 0.54 0.98 0.98 0.70 0.85 0.07 0.00 0.13 0.91 0.13 0.98 0.98 1.00 0.96 0.09 0.54 0.91 0.07 0.26 0.17 0.93 0.24 0.07 0.85 0.35 0.91 0.93 0.91 1.00 0.85 0.24 0.07 0.02 0.89 0.98 0.80 0.02 
0.43 0.65 0.63 0.37 0.87 0.54 0.41 0.35 0.63 0.63 0.41 0.59 0.57 0.57 0.48 0.20 0.43 0.57 0.65 0.63 0.74 0.57 0.63 0.41 0.57 1.00 0.80 0.35 0.63 0.39 0.41 0.61 0.43 0.43 0.57 0.61 0.41 0.48 0.67 0.33 0.63 0.35 0.72 0.85 0.54 0.41 0.63 0.35 0.30 0.35 0.57 0.41 0.35 0.35 0.41 0.28 0.74 0.65 0.63 0.57 0.63 0.63 0.43 0.41 0.76 0.57 0.57 0.59 0.43 0.35 0.41 0.41 0.63 0.41 0.57 0.57 0.57 0.54 0.35 0.61 0.63 0.35 0.43 0.46 0.63 0.52 0.35 0.61 0.70 0.63 0.63 0.63 0.57 0.57 0.50 0.43 0.41 0.65 0.57 0.61 0.41 
0.37 0.61 0.59 0.37 0.83 0.59 0.35 0.39 0.61 0.59 0.35 0.46 0.48 0.65 0.33 0.11 0.61 0.65 0.63 0.59 0.70 0.65 0.59 0.33 0.65 0.80 1.00 0.39 0.59 0.30 0.33 0.52 0.61 0.33 0.67 0.48 0.33 0.30 0.59 0.24 0.59 0.39 0.70 0.80 0.50 0.33 0.59 0.39 0.26 0.39 0.52 0.33 0.39 0.39 0.33 0.33 0.83 0.61 0.61 0.65 0.59 0.59 0.35 0.33 0.72 0.65 0.65 0.76 0.52 0.39 0.33 0.46 0.59 0.46 0.65 0.65 0.65 0.63 0.39 0.57 0.61 0.39 0.48 0.41 0.59 0.57 0.41 0.78 0.52 0.59 0.59 0.59 0.65 0.52 0.46 0.26 0.33 0.74 0.67 0.78 0.33 
0.89 0.37 0.00 0.96 0.28 0.65 0.65 0.98 0.00 0.00 0.91 0.39 0.72 0.07 0.85 0.70 0.20 0.07 0.59 0.00 0.15 0.07 0.00 0.91 0.07 0.35 0.39 1.00 0.00 0.85 0.91 0.72 0.20 0.91 0.07 0.72 0.91 0.85 0.61 0.83 0.09 0.98 0.57 0.28 0.30 0.91 0.00 0.98 0.33 0.98 0.07 0.91 0.98 0.98 0.91 0.91 0.46 0.02 0.00 0.07 0.00 0.00 0.89 0.91 0.52 0.07 0.07 0.35 0.20 0.98 0.91 0.91 0.00 0.91 0.07 0.07 0.07 0.09 0.98 0.37 0.00 0.98 0.80 0.87 0.00 0.80 0.98 0.20 0.59 0.00 0.00 0.00 0.07 0.07 0.83 0.85 0.91 0.15 0.07 0.24 0.91 
0.09 0.61 1.00 0.02 0.72 0.33 0.33 0.00 0.98 0.98 0.07 0.59 0.28 0.91 0.13 0.28 0.80 0.91 0.39 0.98 0.85 0.91 0.98 0.07 0.93 0.63 0.59 0.00 1.00 0.13 0.07 0.26 0.78 0.07 0.91 0.26 0.09 0.13 0.37 0.15 0.91 0.00 0.41 0.72 0.70 0.07 0.98 0.00 0.65 0.00 0.93 0.07 0.00 0.02 0.07 0.07 0.54 0.96 0.98 0.91 1.00 0.98 0.11 0.07 0.48 0.91 0.91 0.63 0.78 0.00 0.07 0.07 0.98 0.07 0.91 0.91 0.93 0.89 0.02 0.61 0.98 0.00 0.20 0.11 1.00 0.17 0.00 0.78 0.41 0.98 1.00 0.98 0.93 0.91 0.17 0.13 0.09 0.83 0.91 0.74 0.09 
0.89 0.28 0.13 0.87 0.28 0.52 0.65 0.85 0.13 0.13 0.91 0.43 0.72 0.07 0.85 0.78 0.15 0.07 0.46 0.13 0.28 0.07 0.13 0.91 0.07 0.39 0.30 0.85 0.13 1.00 0.91 0.74 0.15 0.91 0.07 0.72 0.91 0.85 0.61 0.83 0.13 0.85 0.43 0.26 0.43 0.91 0.13 0.87 0.46 0.85 0.20 0.91 0.85 0.85 0.91 0.87 0.33 0.15 0.13 0.07 0.13 0.13 0.93 0.91 0.39 0.07 0.07 0.35 0.20 0.85 0.91 0.78 0.13 0.78 0.07 0.07 0.07 0.04 0.85 0.50 0.13 0.85 0.67 0.74 0.13 0.67 0.85 0.11 0.59 0.13 0.13 0.13 0.07 0.20 0.70 0.85 0.91 0.15 0.07 0.11 0.91 
0.96 0.30 0.07 0.93 0.35 0.59 0.72 0.91 0.07 0.07 0.98 0.46 0.78 0.00 0.91 0.76 0.13 0.00 0.52 0.07 0.22 0.02 0.09 0.98 0.00 0.41 0.33 0.91 0.07 0.91 1.00 0.78 0.15 0.98 0.00 0.78 0.98 0.93 0.70 0.89 0.15 0.91 0.50 0.33 0.37 0.98 0.09 0.91 0.41 0.91 0.13 0.98 0.93 0.91 1.00 0.85 0.39 0.09 0.07 0.00 0.07 0.07 0.96 0.98 0.46 0.02 0.02 0.30 0.15 0.93 1.00 0.87 0.09 0.85 0.00 0.00 0.00 0.02 0.91 0.43 0.07 0.91 0.74 0.80 0.07 0.74 0.91 0.13 0.65 0.07 0.07 0.07 0.00 0.13 0.76 0.91 0.98 0.09 0.00 0.17 0.98 
0.76 0.41 0.26 0.74 0.54 0.39 0.78 0.72 0.26 0.26 0.78 0.65 0.89 0.20 0.72 0.57 0.33 0.20 0.41 0.26 0.37 0.20 0.26 0.78 0.20 0.61 0.52 0.72 0.26 0.74 0.78 1.00 0.33 0.78 0.20 0.89 0.78 0.72 0.87 0.70 0.35 0.72 0.70 0.52 0.30 0.78 0.26 0.74 0.24 0.72 0.33 0.78 0.72 0.72 0.78 0.65 0.41 0.28 0.26 0.20 0.26 0.26 0.76 0.78 0.65 0.20 0.20 0.43 0.07 0.72 0.78 0.65 0.26 0.65 0.20 0.20 0.20 0.22 0.72 0.37 0.26 0.72 0.80 0.61 0.26 0.67 0.72 0.33 0.76 0.26 0.26 0.26 0.20 0.33 0.61 0.72 0.78 0.28 0.20 0.37 0.78 
0.15 0.54 0.78 0.17 0.54 0.30 0.39 0.20 0.78 0.78 0.13 0.52 0.33 0.85 0.07 0.35 0.98 0.85 0.37 0.78 0.63 0.87 0.80 0.13 0.85 0.43 0.61 0.20 0.78 0.15 0.15 0.33 1.00 0.13 0.85 0.24 0.13 0.09 0.46 0.22 0.70 0.20 0.39 0.57 0.48 0.13 0.80 0.20 0.61 0.20 0.80 0.13 0.22 0.20 0.15 0.26 0.50 0.76 0.78 0.85 0.78 0.78 0.11 0.13 0.52 0.87 0.87 0.67 0.74 0.22 0.15 0.20 0.80 0.13 0.85 0.85 0.85 0.87 0.20 0.41 0.78 0.20 0.37 0.09 0.78 0.24 0.20 0.80 0.33 0.78 0.78 0.78 0.85 0.85 0.13 0.11 0.13 0.76 0.85 0.80 0.13 
0.96 0.30 0.07 0.93 0.35 0.59 0.72 0.91 0.07 0.07 0.98 0.46 0.78 0.00 0.91 0.76 0.13 0.00 0.52 0.07 0.22 0.00 0.07 0.98 0.00 0.43 0.33 0.91 0.07 0.91 0.98 0.78 0.13 1.00 0.00 0.78 0.98 0.91 0.67 0.89 0.15 0.91 0.50 0.33 0.37 0.98 0.07 0.91 0.39 0.91 0.13 0.98 0.91 0.91 0.98 0.85 0.39 0.09 0.07 0.00 0.07 0.07 0.96 0.98 0.46 0.00 0.00 0.28 0.13 0.91 0.98 0.85 0.07 0.85 0.00 0.00 0.00 0.02 0.91 0.43 0.07 0.91 0.74 0.80 0.07 0.74 0.91 0.13 0.65 0.07 0.07 0.07 0.00 0.13 0.76 0.91 0.98 0.09 0.00 0.17 0.98 
0.04 0.67 0.91 0.04 0.63 0.39 0.28 0.07 0.93 0.91 0.02 0.52 0.20 0.98 0.09 0.22 0.85 0.98 0.48 0.91 0.76 0.98 0.91 0.00 0.98 0.57 0.67 0.07 0.91 0.07 0.00 0.20 0.85 0.00 1.00 0.20 0.00 0.07 0.30 0.09 0.83 0.07 0.50 0.65 0.61 0.00 0.91 0.07 0.59 0.07 0.85 0.00 0.07 0.07 0.00 0.13 0.59 0.89 0.93 0.98 0.91 0.91 0.02 0.00 0.52 0.98 0.98 0.70 0.85 0.07 0.00 0.13 0.91 0.13 0.98 0.98 0.98 0.96 0.07 0.54 0.93 0.07 0.24 0.17 0.91 0.24 0.09 0.85 0.33 0.91 0.91 0.91 0.98 0.85 0.22 0.07 0.00 0.89 1.00 0.80 0.00 
0.76 0.46 0.26 0.74 0.54 0.48 0.74 0.72 0.26 0.26 0.78 0.65 0.80 0.20 0.80 0.57 0.24 0.20 0.46 0.28 0.41 0.20 0.26 0.78 0.20 0.61 0.48 0.72 0.26 0.72 0.78 0.89 0.24 0.78 0.20 1.00 0.78 0.80 0.78 0.70 0.35 0.72 0.70 0.52 0.35 0.78 0.26 0.72 0.24 0.72 0.33 0.78 0.72 0.72 0.78 0.65 0.41 0.28 0.26 0.20 0.26 0.26 0.76 0.78 0.65 0.20 0.20 0.43 0.07 0.72 0.78 0.65 0.26 0.70 0.20 0.20 0.20 0.22 0.72 0.41 0.26 0.72 0.76 0.70 0.26 0.67 0.72 0.28 0.80 0.26 0.26 0.26 0.20 0.28 0.65 0.76 0.78 0.28 0.20 0.33 0.78 
0.96 0.30 0.09 0.93 0.37 0.59 0.72 0.91 0.07 0.07 0.98 0.46 0.80 0.00 0.91 0.76 0.15 0.00 0.52 0.07 0.24 0.00 0.07 0.98 0.02 0.41 0.33 0.91 0.09 0.91 0.98 0.78 0.13 0.98 0.00 0.78 1.00 0.91 0.67 0.89 0.17 0.91 0.50 0.33 0.39 0.98 0.07 0.91 0.39 0.91 0.15 0.98 0.91 0.93 0.98 0.85 0.41 0.09 0.07 0.00 0.09 0.07 0.98 0.98 0.48 0.00 0.00 0.28 0.13 0.91 0.98 0.85 0.07 0.85 0.00 0.00 0.02 0.02 0.93 0.43 0.07 0.91 0.76 0.80 0.09 0.74 0.91 0.13 0.67 0.07 0.09 0.07 0.02 0.13 0.78 0.91 1.00 0.09 0.00 0.17 1.00 
0.89 0.37 0.13 0.87 0.41 0.65 0.65 0.85 0.13 0.13 0.91 0.52 0.72 0.07 0.98 0.70 0.07 0.07 0.59 0.13 0.28 0.09 0.15 0.91 0.07 0.48 0.30 0.85 0.13 0.85 0.93 0.72 0.09 0.91 0.07 0.80 0.91 1.00 0.63 0.83 0.22 0.85 0.57 0.39 0.43 0.91 0.15 0.85 0.43 0.85 0.20 0.91 0.87 0.85 0.93 0.78 0.46 0.15 0.13 0.07 0.13 0.13 0.89 0.91 0.52 0.09 0.09 0.28 0.22 0.87 0.93 0.80 0.15 0.83 0.07 0.07 0.07 0.09 0.85 0.50 0.13 0.85 0.67 0.87 0.13 0.72 0.85 0.11 0.72 0.13 0.13 0.13 0.07 0.15 0.83 0.93 0.91 0.15 0.07 0.15 0.91 
0.70 0.52 0.37 0.63 0.65 0.37 0.67 0.61 0.37 0.37 0.67 0.76 0.87 0.30 0.61 0.50 0.43 0.30 0.52 0.37 0.48 0.33 0.39 0.67 0.30 0.67 0.59 0.61 0.37 0.61 0.70 0.87 0.46 0.67 0.30 0.78 0.67 0.63 1.00 0.59 0.46 0.61 0.80 0.63 0.28 0.67 0.39 0.61 0.20 0.61 0.43 0.67 0.63 0.61 0.70 0.54 0.48 0.39 0.37 0.30 0.37 0.37 0.65 0.67 0.76 0.33 0.33 0.39 0.20 0.63 0.70 0.57 0.39 0.54 0.30 0.30 0.30 0.33 0.61 0.30 0.37 0.61 0.70 0.50 0.37 0.61 0.61 0.39 0.83 0.37 0.37 0.37 0.30 0.43 0.54 0.65 0.67 0.39 0.30 0.43 0.67 
0.87 0.35 0.15 0.85 0.26 0.50 0.80 0.83 0.15 0.15 0.89 0.50 0.70 0.09 0.83 0.85 0.22 0.09 0.43 0.15 0.13 0.09 0.15 0.89 0.09 0.33 0.24 0.83 0.15 0.83 0.89 0.70 0.22 0.89 0.09 0.70 0.89 0.83 0.59 1.00 0.24 0.83 0.41 0.24 0.28 0.89 0.15 0.83 0.48 0.83 0.22 0.89 0.83 0.83 0.89 0.76 0.30 0.17 0.15 0.09 0.15 0.15 0.87 0.89 0.37 0.09 0.09 0.20 0.22 0.83 0.89 0.76 0.15 0.76 0.09 0.09 0.09 0.11 0.83 0.35 0.15 0.83 0.70 0.72 0.15 0.65 0.83 0.22 0.57 0.17 0.15 0.15 0.09 0.22 0.67 0.83 0.89 0.04 0.09 0.26 0.89 
0.17 0.65 0.91 0.11 0.72 0.33 0.41 0.09 0.89 0.89 0.15 0.63 0.37 0.83 0.22 0.28 0.72 0.83 0.39 0.89 0.76 0.83 0.89 0.15 0.85 0.63 0.59 0.09 0.91 0.13 0.15 0.35 0.70 0.15 0.83 0.35 0.17 0.22 0.46 0.24 1.00 0.09 0.50 0.72 0.61 0.15 0.89 0.09 0.57 0.09 0.89 0.15 0.09 0.11 0.15 0.07 0.54 0.87 0.89 0.83 0.91 0.89 0.20 0.15 0.52 0.83 0.83 0.54 0.70 0.09 0.15 0.11 0.89 0.15 0.83 0.83 0.85 0.80 0.11 0.52 0.89 0.09 0.28 0.20 0.91 0.22 0.09 0.78 0.50 0.89 0.91 0.89 0.85 0.83 0.26 0.22 0.17 0.74 0.83 0.74 0.17 
0.89 0.37 0.00 0.96 0.28 0.65 0.65 0.98 0.00 0.00 0.91 0.39 0.72 0.07 0.85 0.70 0.20 0.07 0.59 0.00 0.15 0.07 0.00 0.91 0.07 0.35 0.39 0.98 0.00 0.85 0.91 0.72 0.20 0.91 0.07 0.72 0.91 0.85 0.61 0.83 0.09 1.00 0.57 0.26 0.30 0.91 0.00 0.98 0.33 0.98 0.07 0.91 0.98 0.98 0.91 0.91 0.46 0.02 0.00 0.07 0.00 0.00 0.89 0.91 0.52 0.07 0.07 0.35 0.20 0.98 0.91 0.91 0.00 0.91 0.07 0.07 0.07 0.09 0.98 0.37 0.00 0.98 0.80 0.87 0.00 0.80 0.98 0.20 0.59 0.00 0.00 0.00 0.07 0.07 0.83 0.85 0.91 0.15 0.07 0.24 0.91 
0.54 0.70 0.41 0.54 0.70 0.54 0.52 0.57 0.43 0.41 0.52 0.72 0.70 0.48 0.59 0.33 0.39 0.48 0.72 0.41 0.52 0.48 0.41 0.50 0.48 0.72 0.70 0.57 0.41 0.43 0.50 0.70 0.39 0.50 0.50 0.70 0.50 0.57 0.80 0.41 0.50 0.57 1.00 0.67 0.33 0.50 0.41 0.57 0.09 0.57 0.39 0.50 0.57 0.57 0.50 0.50 0.65 0.43 0.43 0.48 0.41 0.41 0.48 0.50 0.85 0.48 0.48 0.46 0.35 0.57 0.50 0.59 0.41 0.63 0.48 0.48 0.48 0.50 0.57 0.35 0.43 0.57 0.65 0.67 0.41 0.70 0.59 0.48 0.78 0.41 0.41 0.41 0.48 0.35 0.72 0.57 0.50 0.57 0.50 0.52 0.50 
0.35 0.61 0.72 0.28 0.96 0.59 0.37 0.26 0.72 0.72 0.33 0.63 0.52 0.65 0.39 0.20 0.57 0.65 0.65 0.72 0.78 0.65 0.72 0.33 0.65 0.85 0.80 0.28 0.72 0.26 0.33 0.52 0.57 0.33 0.65 0.52 0.33 0.39 0.63 0.24 0.72 0.26 0.67 1.00 0.59 0.33 0.72 0.26 0.39 0.26 0.65 0.33 0.26 0.26 0.33 0.24 0.78 0.70 0.72 0.65 0.72 0.72 0.30 0.33 0.72 0.65 0.65 0.59 0.52 0.26 0.33 0.33 0.72 0.33 0.65 0.65 0.65 0.67 0.26 0.61 0.72 0.26 0.39 0.37 0.72 0.43 0.26 0.61 0.65 0.72 0.72 0.72 0.65 0.65 0.41 0.39 0.33 0.74 0.65 0.65 0.33 
0.35 0.35 0.70 0.33 0.63 0.63 0.15 0.30 0.67 0.67 0.37 0.33 0.28 0.61 0.43 0.37 0.50 0.61 0.48 0.67 0.80 0.61 0.67 0.37 0.63 0.54 0.50 0.30 0.70 0.43 0.37 0.30 0.48 0.37 0.61 0.35 0.39 0.43 0.28 0.28 0.61 0.30 0.33 0.59 1.00 0.37 0.67 0.30 0.74 0.30 0.63 0.37 0.30 0.33 0.37 0.33 0.63 0.70 0.67 0.61 0.70 0.67 0.41 0.37 0.39 0.61 0.61 0.72 0.70 0.30 0.37 0.37 0.67 0.37 0.61 0.61 0.63 0.59 0.33 0.91 0.67 0.30 0.15 0.41 0.70 0.39 0.30 0.52 0.33 0.67 0.70 0.67 0.63 0.61 0.43 0.43 0.39 0.65 0.61 0.48 0.39 
0.96 0.30 0.07 0.93 0.35 0.59 0.72 0.91 0.07 0.07 0.98 0.46 0.78 0.00 0.91 0.76 0.13 0.00 0.52 0.07 0.22 0.00 0.07 0.98 0.00 0.41 0.33 0.91 0.07 0.91 0.98 0.78 0.13 0.98 0.00 0.78 0.98 0.91 0.67 0.89 0.15 0.91 0.50 0.33 0.37 1.00 0.07 0.91 0.39 0.91 0.13 1.00 0.91 0.91 0.98 0.85 0.39 0.09 0.07 0.00 0.07 0.07 0.96 0.98 0.46 0.00 0.00 0.28 0.13 0.91 0.98 0.85 0.07 0.85 0.00 0.00 0.00 0.02 0.91 0.43 0.07 0.91 0.74 0.80 0.07 0.74 0.91 0.13 0.65 0.07 0.07 0.07 0.00 0.13 0.76 0.91 0.98 0.09 0.00 0.17 0.98 
0.09 0.61 0.98 0.02 0.70 0.33 0.33 0.00 0.98 0.98 0.07 0.59 0.26 0.91 0.13 0.28 0.78 0.91 0.39 0.98 0.83 0.93 1.00 0.07 0.91 0.63 0.59 0.00 0.98 0.13 0.09 0.26 0.80 0.07 0.91 0.26 0.07 0.15 0.39 0.15 0.89 0.00 0.41 0.72 0.67 0.07 1.00 0.00 0.67 0.00 0.91 0.07 0.02 0.00 0.09 0.07 0.52 0.96 0.98 0.91 0.98 0.98 0.09 0.07 0.46 0.93 0.93 0.65 0.80 0.02 0.09 0.09 1.00 0.07 0.91 0.91 0.91 0.89 0.00 0.61 0.98 0.00 0.17 0.11 0.98 0.17 0.00 0.78 0.39 0.98 0.98 0.98 0.91 0.91 0.15 0.13 0.07 0.83 0.91 0.74 0.07 
0.89 0.37 0.00 0.96 0.28 0.65 0.65 0.98 0.00 0.00 0.91 0.39 0.72 0.07 0.85 0.70 0.20 0.07 0.59 0.00 0.15 0.07 0.00 0.91 0.07 0.35 0.39 0.98 0.00 0.87 0.91 0.74 0.20 0.91 0.07 0.72 0.91 0.85 0.61 0.83 0.09 0.98 0.57 0.26 0.30 0.91 0.00 1.00 0.33 0.98 0.07 0.91 0.98 0.98 0.91 0.91 0.46 0.02 0.00 0.07 0.00 0.00 0.89 0.91 0.52 0.07 0.07 0.35 0.20 0.98 0.91 0.91 0.00 0.91 0.07 0.07 0.07 0.09 0.98 0.37 0.00 0.98 0.80 0.87 0.00 0.80 0.98 0.20 0.59 0.00 0.00 0.00 0.07 0.07 0.83 0.85 0.91 0.15 0.07 0.24 0.91 
0.37 0.33 0.65 0.35 0.37 0.48 0.39 0.33 0.65 0.65 0.39 0.35 0.28 0.59 0.41 0.61 0.59 0.59 0.33 0.65 0.54 0.61 0.67 0.39 0.59 0.30 0.26 0.33 0.65 0.46 0.41 0.24 0.61 0.39 0.59 0.24 0.39 0.43 0.20 0.48 0.57 0.33 0.09 0.39 0.74 0.39 0.67 0.33 1.00 0.33 0.67 0.39 0.35 0.33 0.41 0.39 0.37 0.63 0.65 0.59 0.65 0.65 0.41 0.39 0.22 0.61 0.61 0.50 0.74 0.35 0.41 0.33 0.67 0.26 0.59 0.59 0.59 0.57 0.33 0.67 0.65 0.33 0.24 0.30 0.65 0.20 0.33 0.46 0.20 0.65 0.65 0.65 0.59 0.72 0.26 0.46 0.39 0.50 0.59 0.41 0.39 
0.89 0.37 0.00 0.96 0.28 0.65 0.65 0.98 0.00 0.00 0.91 0.39 0.72 0.07 0.85 0.70 0.20 0.07 0.59 0.00 0.15 0.07 0.00 0.91 0.07 0.35 0.39 0.98 0.00 0.85 0.91 0.72 0.20 0.91 0.07 0.72 0.91 0.85 0.61 0.83 0.09 0.98 0.57 0.26 0.30 0.91 0.00 0.98 0.33 1.00 0.07 0.91 0.98 0.98 0.91 0.93 0.46 0.02 0.00 0.07 0.00 0.02 0.89 0.91 0.52 0.07 0.07 0.35 0.20 0.98 0.91 0.91 0.00 0.91 0.07 0.09 0.07 0.11 0.98 0.37 0.00 0.98 0.80 0.87 0.00 0.80 0.98 0.20 0.59 0.00 0.00 0.00 0.07 0.07 0.83 0.85 0.91 0.15 0.07 0.24 0.91 
0.15 0.59 0.93 0.09 0.65 0.26 0.39 0.07 0.91 0.91 0.13 0.65 0.35 0.85 0.20 0.35 0.83 0.85 0.33 0.91 0.78 0.85 0.91 0.13 0.87 0.57 0.52 0.07 0.93 0.20 0.13 0.33 0.80 0.13 0.85 0.33 0.15 0.20 0.43 0.22 0.89 0.07 0.39 0.65 0.63 0.13 0.91 0.07 0.67 0.07 1.00 0.13 0.07 0.09 0.13 0.13 0.48 0.89 0.91 0.85 0.93 0.91 0.17 0.13 0.54 0.85 0.85 0.57 0.72 0.07 0.13 0.00 0.91 0.04 0.85 0.85 0.87 0.83 0.09 0.54 0.91 0.07 0.26 0.09 0.93 0.11 0.07 0.72 0.48 0.91 0.93 0.91 0.87 0.93 0.15 0.20 0.15 0.76 0.85 0.67 0.15 
0.96 0.30 0.07 0.93 0.35 0.59 0.72 0.91 0.07 0.07 0.98 0.46 0.78 0.00 0.91 0.76 0.13 0.00 0.52 0.07 0.22 0.00 0.07 0.98 0.00 0.41 0.33 0.91 0.07 0.91 0.98 0.78 0.13 0.98 0.00 0.78 0.98 0.91 0.67 0.89 0.15 0.91 0.50 0.33 0.37 1.00 0.07 0.91 0.39 0.91 0.13 1.00 0.91 0.91 0.98 0.85 0.39 0.09 0.07 0.00 0.07 0.07 0.96 0.98 0.46 0.00 0.00 0.28 0.13 0.91 0.98 0.85 0.07 0.85 0.00 0.00 0.00 0.02 0.91 0.43 0.07 0.91 0.74 0.80 0.07 0.74 0.91 0.13 0.65 0.07 0.07 0.07 0.00 0.13 0.76 0.91 0.98 0.09 0.00 0.17 0.98 
0.89 0.37 0.00 0.96 0.28 0.65 0.65 0.98 0.00 0.00 0.91 0.39 0.72 0.07 0.85 0.70 0.20 0.07 0.59 0.00 0.15 0.09 0.02 0.91 0.07 0.35 0.39 0.98 0.00 0.85 0.93 0.72 0.22 0.91 0.07 0.72 0.91 0.87 0.63 0.83 0.09 0.98 0.57 0.26 0.30 0.91 0.02 0.98 0.35 0.98 0.07 0.91 1.00 0.98 0.93 0.91 0.46 0.02 0.00 0.07 0.00 0.00 0.89 0.91 0.52 0.09 0.09 0.37 0.22 1.00 0.93 0.93 0.02 0.91 0.07 0.07 0.07 0.09 0.98 0.37 0.00 0.98 0.80 0.87 0.00 0.80 0.98 0.20 0.59 0.00 0.00 0.00 0.07 0.07 0.83 0.85 0.91 0.15 0.07 0.24 0.91 
0.89 0.37 0.02 0.96 0.30 0.65 0.65 0.98 0.00 0.00 0.91 0.39 0.74 0.07 0.85 0.70 0.22 0.07 0.59 0.00 0.17 0.07 0.00 0.91 0.09 0.35 0.39 0.98 0.02 0.85 0.91 0.72 0.20 0.91 0.07 0.72 0.93 0.85 0.61 0.83 0.11 0.98 0.57 0.26 0.33 0.91 0.00 0.98 0.33 0.98 0.09 0.91 0.98 1.00 0.91 0.91 0.48 0.02 0.00 0.07 0.02 0.00 0.91 0.91 0.54 0.07 0.07 0.35 0.20 0.98 0.91 0.91 0.00 0.91 0.07 0.07 0.09 0.09 1.00 0.37 0.00 0.98 0.83 0.87 0.02 0.80 0.98 0.20 0.61 0.00 0.02 0.00 0.09 0.07 0.85 0.85 0.93 0.15 0.07 0.24 0.93 
0.96 0.30 0.07 0.93 0.35 0.59 0.72 0.91 0.07 0.07 0.98 0.46 0.78 0.00 0.91 0.76 0.13 0.00 0.52 0.07 0.22 0.02 0.09 0.98 0.00 0.41 0.33 0.91 0.07 0.91 1.00 0.78 0.15 0.98 0.00 0.78 0.98 0.93 0.70 0.89 0.15 0.91 0.50 0.33 0.37 0.98 0.09 0.91 0.41 0.91 0.13 0.98 0.93 0.91 1.00 0.85 0.39 0.09 0.07 0.00 0.07 0.07 0.96 0.98 0.46 0.02 0.02 0.30 0.15 0.93 1.00 0.87 0.09 0.85 0.00 0.00 0.00 0.02 0.91 0.43 0.07 0.91 0.74 0.80 0.07 0.74 0.91 0.13 0.65 0.07 0.07 0.07 0.00 0.13 0.76 0.91 0.98 0.09 0.00 0.17 0.98 
0.83 0.35 0.07 0.89 0.22 0.59 0.63 0.91 0.07 0.07 0.85 0.41 0.65 0.13 0.78 0.76 0.26 0.13 0.57 0.07 0.17 0.13 0.07 0.85 0.13 0.28 0.33 0.91 0.07 0.87 0.85 0.65 0.26 0.85 0.13 0.65 0.85 0.78 0.54 0.76 0.07 0.91 0.50 0.24 0.33 0.85 0.07 0.91 0.39 0.93 0.13 0.85 0.91 0.91 0.85 1.00 0.39 0.04 0.07 0.13 0.07 0.09 0.83 0.85 0.46 0.13 0.13 0.37 0.26 0.91 0.85 0.85 0.07 0.85 0.13 0.15 0.13 0.17 0.91 0.39 0.07 0.91 0.78 0.80 0.07 0.74 0.91 0.13 0.57 0.07 0.07 0.07 0.13 0.13 0.76 0.78 0.85 0.22 0.13 0.17 0.85 
0.41 0.54 0.54 0.43 0.83 0.74 0.22 0.46 0.52 0.52 0.39 0.43 0.39 0.59 0.46 0.17 0.52 0.59 0.76 0.52 0.65 0.59 0.52 0.39 0.61 0.74 0.83 0.46 0.54 0.33 0.39 0.41 0.50 0.39 0.59 0.41 0.41 0.46 0.48 0.30 0.54 0.46 0.65 0.78 0.63 0.39 0.52 0.46 0.37 0.46 0.48 0.39 0.46 0.48 0.39 0.39 1.00 0.54 0.52 0.59 0.54 0.52 0.39 0.39 0.72 0.59 0.59 0.61 0.63 0.46 0.39 0.52 0.52 0.52 0.59 0.59 0.61 0.61 0.48 0.67 0.52 0.46 0.39 0.57 0.54 0.59 0.46 0.63 0.57 0.52 0.54 0.52 0.61 0.46 0.63 0.41 0.41 0.67 0.59 0.67 0.41 
0.11 0.59 0.96 0.04 0.72 0.35 0.30 0.02 0.96 0.96 0.09 0.57 0.28 0.89 0.15 0.26 0.76 0.89 0.37 0.96 0.85 0.89 0.96 0.09 0.89 0.65 0.61 0.02 0.96 0.15 0.09 0.28 0.76 0.09 0.89 0.28 0.09 0.15 0.39 0.17 0.87 0.02 0.43 0.70 0.70 0.09 0.96 0.02 0.63 0.02 0.89 0.09 0.02 0.02 0.09 0.04 0.54 1.00 0.96 0.89 0.96 0.96 0.11 0.09 0.48 0.89 0.89 0.65 0.76 0.02 0.09 0.09 0.96 0.09 0.89 0.89 0.89 0.87 0.02 0.63 0.96 0.02 0.15 0.13 0.96 0.20 0.02 0.80 0.37 0.96 0.96 0.96 0.89 0.89 0.17 0.15 0.09 0.80 0.89 0.76 0.09 
0.11 0.61 0.98 0.02 0.70 0.33 0.35 0.00 1.00 0.98 0.09 0.59 0.26 0.91 0.15 0.28 0.78 0.91 0.41 0.98 0.83 0.91 0.98 0.07 0.91 0.63 0.61 0.00 0.98 0.13 0.07 0.26 0.78 0.07 0.93 0.26 0.07 0.13 0.37 0.15 0.89 0.00 0.43 0.72 0.67 0.07 0.98 0.00 0.65 0.00 0.91 0.07 0.00 0.00 0.07 0.07 0.52 0.96 1.00 0.91 0.98 0.98 0.09 0.07 0.46 0.91 0.91 0.63 0.78 0.00 0.07 0.07 0.98 0.07 0.91 0.91 0.91 0.89 0.00 0.61 1.00 0.00 0.17 0.11 0.98 0.17 0.02 0.78 0.39 0.98 0.98 0.98 0.91 0.91 0.15 0.13 0.07 0.83 0.93 0.74 0.07 
0.02 0.67 0.91 0.04 0.63 0.39 0.26 0.07 0.91 0.91 0.00 0.52 0.20 0.98 0.07 0.22 0.85 0.98 0.46 0.91 0.76 0.98 0.91 0.00 0.98 0.57 0.65 0.07 0.91 0.07 0.00 0.20 0.85 0.00 0.98 0.20 0.00 0.07 0.30 0.09 0.83 0.07 0.48 0.65 0.61 0.00 0.91 0.07 0.59 0.07 0.85 0.00 0.07 0.07 0.00 0.13 0.59 0.89 0.91 1.00 0.91 0.91 0.02 0.00 0.52 0.98 0.98 0.70 0.85 0.07 0.00 0.13 0.91 0.13 0.98 0.98 0.98 0.96 0.07 0.54 0.91 0.07 0.24 0.17 0.91 0.24 0.07 0.85 0.33 0.91 0.91 0.91 0.98 0.85 0.22 0.07 0.00 0.89 0.98 0.80 0.00 
0.09 0.61 1.00 0.02 0.72 0.33 0.33 0.00 0.98 0.98 0.07 0.59 0.28 0.91 0.13 0.28 0.80 0.91 0.39 0.98 0.85 0.91 0.98 0.07 0.93 0.63 0.59 0.00 1.00 0.13 0.07 0.26 0.78 0.07 0.91 0.26 0.09 0.13 0.37 0.15 0.91 0.00 0.41 0.72 0.70 0.07 0.98 0.00 0.65 0.00 0.93 0.07 0.00 0.02 0.07 0.07 0.54 0.96 0.98 0.91 1.00 0.98 0.11 0.07 0.48 0.91 0.91 0.63 0.78 0.00 0.07 0.07 0.98 0.07 0.91 0.91 0.93 0.89 0.02 0.61 0.98 0.00 0.20 0.11 1.00 0.17 0.00 0.78 0.41 0.98 1.00 0.98 0.93 0.91 0.17 0.13 0.09 0.83 0.91 0.74 0.09 
0.09 0.61 0.98 0.02 0.70 0.33 0.33 0.00 0.98 0.98 0.07 0.59 0.26 0.91 0.13 0.28 0.78 0.91 0.39 0.98 0.83 0.91 0.98 0.07 0.91 0.63 0.59 0.00 0.98 0.13 0.07 0.26 0.78 0.07 0.91 0.26 0.07 0.13 0.37 0.15 0.89 0.00 0.41 0.72 0.67 0.07 0.98 0.00 0.65 0.02 0.91 0.07 0.00 0.00 0.07 0.09 0.52 0.96 0.98 0.91 0.98 1.00 0.09 0.07 0.46 0.91 0.91 0.63 0.78 0.00 0.07 0.07 0.98 0.07 0.91 0.93 0.91 0.91 0.00 0.61 0.98 0.00 0.17 0.11 0.98 0.17 0.00 0.78 0.39 0.98 0.98 0.98 0.91 0.91 0.15 0.13 0.07 0.83 0.91 0.74 0.07 
0.93 0.33 0.11 0.91 0.35 0.57 0.70 0.89 0.09 0.09 0.96 0.43 0.78 0.02 0.89 0.74 0.13 0.02 0.50 0.09 0.26 0.02 0.09 0.96 0.04 0.43 0.35 0.89 0.11 0.93 0.96 0.76 0.11 0.96 0.02 0.76 0.98 0.89 0.65 0.87 0.20 0.89 0.48 0.30 0.41 0.96 0.09 0.89 0.41 0.89 0.17 0.96 0.89 0.91 0.96 0.83 0.39 0.11 0.09 0.02 0.11 0.09 1.00 0.96 0.46 0.02 0.02 0.30 0.15 0.89 0.96 0.83 0.09 0.83 0.02 0.02 0.04 0.00 0.91 0.46 0.09 0.89 0.74 0.78 0.11 0.72 0.89 0.15 0.65 0.09 0.11 0.09 0.04 0.15 0.76 0.89 0.98 0.11 0.02 0.15 0.98 
0.96 0.33 0.07 0.93 0.35 0.59 0.72 0.91 0.07 0.07 0.98 0.46 0.78 0.00 0.91 0.76 0.13 0.00 0.52 0.07 0.22 0.00 0.07 0.98 0.00 0.41 0.33 0.91 0.07 0.91 0.98 0.78 0.13 0.98 0.00 0.78 0.98 0.91 0.67 0.89 0.15 0.91 0.50 0.33 0.37 0.98 0.07 0.91 0.39 0.91 0.13 0.98 0.91 0.91 0.98 0.85 0.39 0.09 0.07 0.00 0.07 0.07 0.96 1.00 0.46 0.00 0.00 0.28 0.13 0.91 0.98 0.85 0.07 0.85 0.00 0.00 0.00 0.02 0.91 0.43 0.07 0.91 0.74 0.80 0.07 0.74 0.91 0.13 0.65 0.07 0.07 0.09 0.00 0.13 0.76 0.91 0.98 0.09 0.00 0.17 0.98 
0.48 0.74 0.48 0.50 0.76 0.59 0.46 0.52 0.46 0.46 0.46 0.67 0.67 0.52 0.52 0.28 0.54 0.52 0.70 0.46 0.59 0.52 0.46 0.46 0.54 0.76 0.72 0.52 0.48 0.39 0.46 0.65 0.52 0.46 0.52 0.65 0.48 0.52 0.76 0.37 0.52 0.52 0.85 0.72 0.39 0.46 0.46 0.52 0.22 0.52 0.54 0.46 0.52 0.54 0.46 0.46 0.72 0.48 0.46 0.52 0.48 0.46 0.46 0.46 1.00 0.52 0.52 0.50 0.39 0.52 0.46 0.46 0.46 0.50 0.52 0.52 0.54 0.54 0.54 0.39 0.46 0.52 0.63 0.54 0.48 0.57 0.52 0.52 0.76 0.46 0.48 0.46 0.54 0.48 0.61 0.52 0.48 0.61 0.52 0.57 0.48 
0.02 0.67 0.91 0.04 0.63 0.39 0.26 0.07 0.91 0.91 0.00 0.52 0.20 0.98 0.07 0.22 0.85 0.98 0.46 0.91 0.76 1.00 0.93 0.00 0.98 0.57 0.65 0.07 0.91 0.07 0.02 0.20 0.87 0.00 0.98 0.20 0.00 0.09 0.33 0.09 0.83 0.07 0.48 0.65 0.61 0.00 0.93 0.07 0.61 0.07 0.85 0.00 0.09 0.07 0.02 0.13 0.59 0.89 0.91 0.98 0.91 0.91 0.02 0.00 0.52 1.00 1.00 0.72 0.87 0.09 0.02 0.15 0.93 0.13 0.98 0.98 0.98 0.96 0.07 0.54 0.91 0.07 0.24 0.17 0.91 0.24 0.07 0.85 0.33 0.91 0.91 0.91 0.98 0.85 0.22 0.07 0.00 0.89 0.98 0.80 0.00 
0.02 0.67 0.91 0.04 0.63 0.39 0.26 0.07 0.91 0.91 0.00 0.52 0.20 0.98 0.07 0.22 0.85 0.98 0.46 0.91 0.76 1.00 0.93 0.00 0.98 0.57 0.65 0.07 0.91 0.07 0.02 0.20 0.87 0.00 0.98 0.20 0.00 0.09 0.33 0.09 0.83 0.07 0.48 0.65 0.61 0.00 0.93 0.07 0.61 0.07 0.85 0.00 0.09 0.07 0.02 0.13 0.59 0.89 0.91 0.98 0.91 0.91 0.02 0.00 0.52 1.00 1.00 0.72 0.87 0.09 0.02 0.15 0.93 0.13 0.98 0.98 0.98 0.96 0.07 0.54 0.91 0.07 0.24 0.17 0.91 0.24 0.07 0.85 0.33 0.91 0.91 0.91 0.98 0.85 0.22 0.07 0.00 0.89 0.98 0.80 0.00 
0.26 0.43 0.63 0.33 0.61 0.54 0.24 0.35 0.63 0.63 0.28 0.28 0.35 0.70 0.26 0.20 0.65 0.70 0.39 0.63 0.78 0.72 0.65 0.28 0.70 0.59 0.76 0.35 0.63 0.35 0.30 0.43 0.67 0.28 0.70 0.43 0.28 0.28 0.39 0.20 0.54 0.35 0.46 0.59 0.72 0.28 0.65 0.35 0.50 0.35 0.57 0.28 0.37 0.35 0.30 0.37 0.61 0.65 0.63 0.70 0.63 0.63 0.30 0.28 0.50 0.72 0.72 1.00 0.59 0.37 0.30 0.43 0.65 0.41 0.70 0.70 0.70 0.67 0.35 0.74 0.63 0.35 0.39 0.37 0.63 0.48 0.35 0.74 0.30 0.63 0.63 0.63 0.70 0.57 0.37 0.22 0.28 0.74 0.70 0.74 0.28 
0.15 0.59 0.78 0.17 0.50 0.52 0.17 0.20 0.78 0.78 0.13 0.39 0.11 0.85 0.20 0.35 0.72 0.85 0.59 0.78 0.63 0.87 0.80 0.13 0.85 0.43 0.52 0.20 0.78 0.20 0.15 0.07 0.74 0.13 0.85 0.07 0.13 0.22 0.20 0.22 0.70 0.20 0.35 0.52 0.70 0.13 0.80 0.20 0.74 0.20 0.72 0.13 0.22 0.20 0.15 0.26 0.63 0.76 0.78 0.85 0.78 0.78 0.15 0.13 0.39 0.87 0.87 0.59 1.00 0.22 0.15 0.28 0.80 0.26 0.85 0.85 0.85 0.83 0.20 0.63 0.78 0.20 0.15 0.30 0.78 0.33 0.20 0.72 0.24 0.78 0.78 0.78 0.85 0.72 0.35 0.20 0.13 0.76 0.85 0.67 0.13 
0.89 0.37 0.00 0.96 0.28 0.65 0.65 0.98 0.00 0.00 0.91 0.39 0.72 0.07 0.85 0.70 0.20 0.07 0.59 0.00 0.15 0.09 0.02 0.91 0.07 0.35 0.39 0.98 0.00 0.85 0.93 0.72 0.22 0.91 0.07 0.72 0.91 0.87 0.63 0.83 0.09 0.98 0.57 0.26 0.30 0.91 0.02 0.98 0.35 0.98 0.07 0.91 1.00 0.98 0.93 0.91 0.46 0.02 0.00 0.07 0.00 0.00 0.89 0.91 0.52 0.09 0.09 0.37 0.22 1.00 0.93 0.93 0.02 0.91 0.07 0.07 0.07 0.09 0.98 0.37 0.00 0.98 0.80 0.87 0.00 0.80 0.98 0.20 0.59 0.00 0.00 0.00 0.07 0.07 0.83 0.85 0.91 0.15 0.07 0.24 0.91 
0.96 0.30 0.07 0.93 0.35 0.59 0.72 0.91 0.07 0.07 0.98 0.46 0.78 0.00 0.91 0.76 0.13 0.00 0.52 0.07 0.22 0.02 0.09 0.98 0.00 0.41 0.33 0.91 0.07 0.91 1.00 0.78 0.15 0.98 0.00 0.78 0.98 0.93 0.70 0.89 0.15 0.91 0.50 0.33 0.37 0.98 0.09 0.91 0.41 0.91 0.13 0.98 0.93 0.91 1.00 0.85 0.39 0.09 0.07 0.00 0.07 0.07 0.96 0.98 0.46 0.02 0.02 0.30 0.15 0.93 1.00 0.87 0.09 0.85 0.00 0.00 0.00 0.02 0.91 0.43 0.07 0.91 0.74 0.80 0.07 0.74 0.91 0.13 0.65 0.07 0.07 0.07 0.00 0.13 0.76 0.91 0.98 0.09 0.00 0.17 0.98 
0.83 0.39 0.07 0.89 0.35 0.72 0.59 0.91 0.07 0.07 0.85 0.33 0.65 0.13 0.78 0.63 0.17 0.13 0.65 0.07 0.22 0.15 0.09 0.85 0.13 0.41 0.46 0.91 0.07 0.78 0.87 0.65 0.20 0.85 0.13 0.65 0.85 0.80 0.57 0.76 0.11 0.91 0.59 0.33 0.37 0.85 0.09 0.91 0.33 0.91 0.00 0.85 0.93 0.91 0.87 0.85 0.52 0.09 0.07 0.13 0.07 0.07 0.83 0.85 0.46 0.15 0.15 0.43 0.28 0.93 0.87 1.00 0.09 0.93 0.13 0.13 0.13 0.15 0.91 0.43 0.07 0.91 0.74 0.89 0.07 0.87 0.91 0.26 0.52 0.07 0.07 0.07 0.13 0.04 0.85 0.78 0.85 0.22 0.13 0.30 0.85 
0.09 0.61 0.98 0.02 0.70 0.33 0.33 0.00 0.98 0.98 0.07 0.59 0.26 0.91 0.13 0.28 0.78 0.91 0.39 0.98 0.83 0.93 1.00 0.07 0.91 0.63 0.59 0.00 0.98 0.13 0.09 0.26 0.80 0.07 0.91 0.26 0.07 0.15 0.39 0.15 0.89 0.00 0.41 0.72 0.67 0.07 1.00 0.00 0.67 0.00 0.91 0.07 0.02 0.00 0.09 0.07 0.52 0.96 0.98 0.91 0.98 0.98 0.09 0.07 0.46 0.93 0.93 0.65 0.80 0.02 0.09 0.09 1.00 0.07 0.91 0.91 0.91 0.89 0.00 0.61 0.98 0.00 0.17 0.11 0.98 0.17 0.00 0.78 0.39 0.98 0.98 0.98 0.91 0.91 0.15 0.13 0.07 0.83 0.91 0.74 0.07 
0.83 0.43 0.07 0.89 0.35 0.72 0.59 0.91 0.07 0.07 0.85 0.37 0.65 0.13 0.83 0.63 0.13 0.13 0.65 0.07 0.22 0.13 0.07 0.85 0.13 0.41 0.46 0.91 0.07 0.78 0.85 0.65 0.13 0.85 0.13 0.70 0.85 0.83 0.54 0.76 0.15 0.91 0.63 0.33 0.37 0.85 0.07 0.91 0.26 0.91 0.04 0.85 0.91 0.91 0.85 0.85 0.52 0.09 0.07 0.13 0.07 0.07 0.83 0.85 0.50 0.13 0.13 0.41 0.26 0.91 0.85 0.93 0.07 1.00 0.13 0.13 0.13 0.15 0.91 0.43 0.07 0.91 0.74 0.93 0.07 0.87 0.91 0.26 0.57 0.07 0.07 0.07 0.13 0.00 0.89 0.78 0.85 0.22 0.13 0.30 0.85 
0.02 0.67 0.91 0.04 0.63 0.39 0.26 0.07 0.91 0.91 0.00 0.52 0.20 0.98 0.07 0.22 0.85 0.98 0.46 0.91 0.76 0.98 0.91 0.00 0.98 0.57 0.65 0.07 0.91 0.07 0.00 0.20 0.85 0.00 0.98 0.20 0.00 0.07 0.30 0.09 0.83 0.07 0.48 0.65 0.61 0.00 0.91 0.07 0.59 0.07 0.85 0.00 0.07 0.07 0.00 0.13 0.59 0.89 0.91 0.98 0.91 0.91 0.02 0.00 0.52 0.98 0.98 0.70 0.85 0.07 0.00 0.13 0.91 0.13 1.00 0.98 0.98 0.96 0.07 0.54 0.91 0.07 0.24 0.17 0.91 0.24 0.07 0.85 0.33 0.91 0.91 0.91 0.98 0.85 0.22 0.07 0.00 0.89 0.98 0.80 0.00 
0.02 0.67 0.91 0.04 0.63 0.39 0.26 0.07 0.91 0.91 0.00 0.52 0.20 0.98 0.07 0.22 0.85 0.98 0.46 0.91 0.76 0.98 0.91 0.00 0.98 0.57 0.65 0.07 0.91 0.07 0.00 0.20 0.85 0.00 0.98 0.20 0.00 0.07 0.30 0.09 0.83 0.07 0.48 0.65 0.61 0.00 0.91 0.07 0.59 0.09 0.85 0.00 0.07 0.07 0.00 0.15 0.59 0.89 0.91 0.98 0.91 0.93 0.02 0.00 0.52 0.98 0.98 0.70 0.85 0.07 0.00 0.13 0.91 0.13 0.98 1.00 0.98 0.98 0.07 0.54 0.91 0.07 0.24 0.17 0.91 0.24 0.07 0.85 0.33 0.91 0.91 0.91 0.98 0.85 0.22 0.07 0.00 0.89 0.98 0.80 0.00 
0.02 0.67 0.93 0.04 0.65 0.39 0.26 0.07 0.91 0.91 0.00 0.52 0.22 0.98 0.07 0.22 0.87 0.98 0.46 0.91 0.78 0.98 0.91 0.00 1.00 0.57 0.65 0.07 0.93 0.07 0.00 0.20 0.85 0.00 0.98 0.20 0.02 0.07 0.30 0.09 0.85 0.07 0.48 0.65 0.63 0.00 0.91 0.07 0.59 0.07 0.87 0.00 0.07 0.09 0.00 0.13 0.61 0.89 0.91 0.98 0.93 0.91 0.04 0.00 0.54 0.98 0.98 0.70 0.85 0.07 0.00 0.13 0.91 0.13 0.98 0.98 1.00 0.96 0.09 0.54 0.91 0.07 0.26 0.17 0.93 0.24 0.07 0.85 0.35 0.91 0.93 0.91 1.00 0.85 0.24 0.07 0.02 0.89 0.98 0.80 0.02 
0.04 0.65 0.89 0.07 0.65 0.41 0.28 0.09 0.89 0.89 0.02 0.54 0.22 0.96 0.09 0.24 0.87 0.96 0.48 0.89 0.74 0.96 0.89 0.02 0.96 0.54 0.63 0.09 0.89 0.04 0.02 0.22 0.87 0.02 0.96 0.22 0.02 0.09 0.33 0.11 0.80 0.09 0.50 0.67 0.59 0.02 0.89 0.09 0.57 0.11 0.83 0.02 0.09 0.09 0.02 0.17 0.61 0.87 0.89 0.96 0.89 0.91 0.00 0.02 0.54 0.96 0.96 0.67 0.83 0.09 0.02 0.15 0.89 0.15 0.96 0.98 0.96 1.00 0.09 0.52 0.89 0.09 0.26 0.20 0.89 0.26 0.09 0.83 0.35 0.89 0.89 0.89 0.96 0.83 0.24 0.09 0.02 0.87 0.96 0.83 0.02 
0.89 0.37 0.02 0.96 0.30 0.65 0.65 0.98 0.00 0.00 0.91 0.39 0.74 0.07 0.85 0.70 0.22 0.07 0.59 0.00 0.17 0.07 0.00 0.91 0.09 0.35 0.39 0.98 0.02 0.85 0.91 0.72 0.20 0.91 0.07 0.72 0.93 0.85 0.61 0.83 0.11 0.98 0.57 0.26 0.33 0.91 0.00 0.98 0.33 0.98 0.09 0.91 0.98 1.00 0.91 0.91 0.48 0.02 0.00 0.07 0.02 0.00 0.91 0.91 0.54 0.07 0.07 0.35 0.20 0.98 0.91 0.91 0.00 0.91 0.07 0.07 0.09 0.09 1.00 0.37 0.00 0.98 0.83 0.87 0.02 0.80 0.98 0.20 0.61 0.00 0.02 0.00 0.09 0.07 0.85 0.85 0.93 0.15 0.07 0.24 0.93 
0.41 0.28 0.61 0.39 0.63 0.65 0.17 0.37 0.61 0.61 0.43 0.30 0.28 0.54 0.50 0.35 0.41 0.54 0.50 0.61 0.76 0.54 0.61 0.43 0.54 0.61 0.57 0.37 0.61 0.50 0.43 0.37 0.41 0.43 0.54 0.41 0.43 0.50 0.30 0.35 0.52 0.37 0.35 0.61 0.91 0.43 0.61 0.37 0.67 0.37 0.54 0.43 0.37 0.37 0.43 0.39 0.67 0.63 0.61 0.54 0.61 0.61 0.46 0.43 0.39 0.54 0.54 0.74 0.63 0.37 0.43 0.43 0.61 0.43 0.54 0.54 0.54 0.52 0.37 1.00 0.61 0.37 0.20 0.48 0.61 0.46 0.37 0.50 0.37 0.61 0.61 0.61 0.54 0.54 0.48 0.46 0.43 0.59 0.54 0.50 0.43 
0.11 0.61 0.98 0.02 0.70 0.33 0.35 0.00 1.00 0.98 0.09 0.59 0.26 0.91 0.15 0.28 0.78 0.91 0.41 0.98 0.83 0.91 0.98 0.07 0.91 0.63 0.61 0.00 0.98 0.13 0.07 0.26 0.78 0.07 0.93 0.26 0.07 0.13 0.37 0.15 0.89 0.00 0.43 0.72 0.67 0.07 0.98 0.00 0.65 0.00 0.91 0.07 0.00 0.00 0.07 0.07 0.52 0.96 1.00 0.91 0.98 0.98 0.09 0.07 0.46 0.91 0.91 0.63 0.78 0.00 0.07 0.07 0.98 0.07 0.91 0.91 0.91 0.89 0.00 0.61 1.00 0.00 0.17 0.11 0.98 0.17 0.02 0.78 0.39 0.98 0.98 0.98 0.91 0.91 0.15 0.13 0.07 0.83 0.93 0.74 0.07 
0.89 0.37 0.00 0.96 0.28 0.65 0.65 0.98 0.00 0.00 0.91 0.39 0.72 0.07 0.85 0.70 0.20 0.07 0.59 0.00 0.15 0.07 0.00 0.91 0.07 0.35 0.39 0.98 0.00 0.85 0.91 0.72 0.20 0.91 0.07 0.72 0.91 0.85 0.61 0.83 0.09 0.98 0.57 0.26 0.30 0.91 0.00 0.98 0.33 0.98 0.07 0.91 0.98 0.98 0.91 0.91 0.46 0.02 0.00 0.07 0.00 0.00 0.89 0.91 0.52 0.07 0.07 0.35 0.20 0.98 0.91 0.91 0.00 0.91 0.07 0.07 0.07 0.09 0.98 0.37 0.00 1.00 0.80 0.87 0.00 0.80 0.98 0.20 0.59 0.00 0.00 0.00 0.07 0.07 0.83 0.85 0.91 0.15 0.07 0.24 0.91 
0.72 0.54 0.20 0.78 0.39 0.48 0.83 0.80 0.17 0.17 0.74 0.52 0.83 0.24 0.67 0.61 0.39 0.24 0.50 0.17 0.22 0.24 0.17 0.74 0.26 0.43 0.48 0.80 0.20 0.67 0.74 0.80 0.37 0.74 0.24 0.76 0.76 0.67 0.70 0.70 0.28 0.80 0.65 0.39 0.15 0.74 0.17 0.80 0.24 0.80 0.26 0.74 0.80 0.83 0.74 0.78 0.39 0.15 0.17 0.24 0.20 0.17 0.74 0.74 0.63 0.24 0.24 0.39 0.15 0.80 0.74 0.74 0.17 0.74 0.24 0.24 0.26 0.26 0.83 0.20 0.17 0.80 1.00 0.70 0.20 0.72 0.80 0.33 0.70 0.17 0.20 0.17 0.26 0.24 0.72 0.67 0.76 0.33 0.24 0.37 0.76 
0.78 0.48 0.11 0.85 0.39 0.76 0.54 0.87 0.11 0.11 0.80 0.41 0.61 0.17 0.87 0.59 0.09 0.17 0.70 0.11 0.26 0.17 0.11 0.80 0.17 0.46 0.41 0.87 0.11 0.74 0.80 0.61 0.09 0.80 0.17 0.70 0.80 0.87 0.50 0.72 0.20 0.87 0.67 0.37 0.41 0.80 0.11 0.87 0.30 0.87 0.09 0.80 0.87 0.87 0.80 0.80 0.57 0.13 0.11 0.17 0.11 0.11 0.78 0.80 0.54 0.17 0.17 0.37 0.30 0.87 0.80 0.89 0.11 0.93 0.17 0.17 0.17 0.20 0.87 0.48 0.11 0.87 0.70 1.00 0.11 0.83 0.87 0.22 0.61 0.11 0.11 0.11 0.17 0.04 0.93 0.85 0.80 0.26 0.17 0.26 0.80 
0.09 0.61 1.00 0.02 0.72 0.33 0.33 0.00 0.98 0.98 0.07 0.59 0.28 0.91 0.13 0.28 0.80 0.91 0.39 0.98 0.85 0.91 0.98 0.07 0.93 0.63 0.59 0.00 1.00 0.13 0.07 0.26 0.78 0.07 0.91 0.26 0.09 0.13 0.37 0.15 0.91 0.00 0.41 0.72 0.70 0.07 0.98 0.00 0.65 0.00 0.93 0.07 0.00 0.02 0.07 0.07 0.54 0.96 0.98 0.91 1.00 0.98 0.11 0.07 0.48 0.91 0.91 0.63 0.78 0.00 0.07 0.07 0.98 0.07 0.91 0.91 0.93 0.89 0.02 0.61 0.98 0.00 0.20 0.11 1.00 0.17 0.00 0.78 0.41 0.98 1.00 0.98 0.93 0.91 0.17 0.13 0.09 0.83 0.91 0.74 0.09 
0.72 0.50 0.17 0.78 0.46 0.70 0.57 0.80 0.17 0.17 0.74 0.43 0.63 0.24 0.72 0.52 0.24 0.24 0.72 0.17 0.28 0.24 0.17 0.74 0.24 0.52 0.57 0.80 0.17 0.67 0.74 0.67 0.24 0.74 0.24 0.67 0.74 0.72 0.61 0.65 0.22 0.80 0.70 0.43 0.39 0.74 0.17 0.80 0.20 0.80 0.11 0.74 0.80 0.80 0.74 0.74 0.59 0.20 0.17 0.24 0.17 0.17 0.72 0.74 0.57 0.24 0.24 0.48 0.33 0.80 0.74 0.87 0.17 0.87 0.24 0.24 0.24 0.26 0.80 0.46 0.17 0.80 0.72 0.83 0.17 1.00 0.80 0.37 0.63 0.17 0.17 0.17 0.24 0.11 0.87 0.67 0.74 0.33 0.24 0.41 0.74 
0.91 0.37 0.00 0.96 0.28 0.65 0.67 0.98 0.02 0.00 0.93 0.39 0.72 0.07 0.87 0.70 0.20 0.07 0.61 0.00 0.15 0.07 0.00 0.91 0.07 0.35 0.41 0.98 0.00 0.85 0.91 0.72 0.20 0.91 0.09 0.72 0.91 0.85 0.61 0.83 0.09 0.98 0.59 0.26 0.30 0.91 0.00 0.98 0.33 0.98 0.07 0.91 0.98 0.98 0.91 0.91 0.46 0.02 0.02 0.07 0.00 0.00 0.89 0.91 0.52 0.07 0.07 0.35 0.20 0.98 0.91 0.91 0.00 0.91 0.07 0.07 0.07 0.09 0.98 0.37 0.02 0.98 0.80 0.87 0.00 0.80 1.00 0.20 0.59 0.00 0.00 0.00 0.07 0.07 0.83 0.85 0.91 0.15 0.09 0.24 0.91 
0.15 0.63 0.78 0.17 0.63 0.39 0.35 0.20 0.78 0.78 0.13 0.43 0.28 0.85 0.11 0.17 0.80 0.85 0.41 0.78 0.67 0.85 0.78 0.13 0.85 0.61 0.78 0.20 0.78 0.11 0.13 0.33 0.80 0.13 0.85 0.28 0.13 0.11 0.39 0.22 0.78 0.20 0.48 0.61 0.52 0.13 0.78 0.20 0.46 0.20 0.72 0.13 0.20 0.20 0.13 0.13 0.63 0.80 0.78 0.85 0.78 0.78 0.15 0.13 0.52 0.85 0.85 0.74 0.72 0.20 0.13 0.26 0.78 0.26 0.85 0.85 0.85 0.83 0.20 0.50 0.78 0.20 0.33 0.22 0.78 0.37 0.20 1.00 0.33 0.78 0.78 0.78 0.85 0.72 0.26 0.07 0.13 0.76 0.85 0.93 0.13 
0.67 0.59 0.41 0.61 0.65 0.43 0.65 0.59 0.39 0.39 0.65 0.78 0.74 0.33 0.72 0.48 0.35 0.33 0.63 0.39 0.48 0.33 0.39 0.65 0.35 0.70 0.52 0.59 0.41 0.59 0.65 0.76 0.33 0.65 0.33 0.80 0.67 0.72 0.83 0.57 0.50 0.59 0.78 0.65 0.33 0.65 0.39 0.59 0.20 0.59 0.48 0.65 0.59 0.61 0.65 0.57 0.57 0.37 0.39 0.33 0.41 0.39 0.65 0.65 0.76 0.33 0.33 0.30 0.24 0.59 0.65 0.52 0.39 0.57 0.33 0.33 0.35 0.35 0.61 0.37 0.39 0.59 0.70 0.61 0.41 0.63 0.59 0.33 1.00 0.39 0.41 0.39 0.35 0.41 0.67 0.67 0.67 0.41 0.33 0.37 0.67 
0.09 0.61 0.98 0.02 0.70 0.33 0.33 0.00 0.98 0.98 0.07 0.59 0.26 0.91 0.13 0.28 0.78 0.91 0.39 0.98 0.83 0.91 0.98 0.07 0.91 0.63 0.59 0.00 0.98 0.13 0.07 0.26 0.78 0.07 0.91 0.26 0.07 0.13 0.37 0.17 0.89 0.00 0.41 0.72 0.67 0.07 0.98 0.00 0.65 0.00 0.91 0.07 0.00 0.00 0.07 0.07 0.52 0.96 0.98 0.91 0.98 0.98 0.09 0.07 0.46 0.91 0.91 0.63 0.78 0.00 0.07 0.07 0.98 0.07 0.91 0.91 0.91 0.89 0.00 0.61 0.98 0.00 0.17 0.11 0.98 0.17 0.00 0.78 0.39 1.00 0.98 0.98 0.91 0.91 0.15 0.13 0.07 0.83 0.91 0.74 0.07 
0.09 0.61 1.00 0.02 0.72 0.33 0.33 0.00 0.98 0.98 0.07 0.59 0.28 0.91 0.13 0.28 0.80 0.91 0.39 0.98 0.85 0.91 0.98 0.07 0.93 0.63 0.59 0.00 1.00 0.13 0.07 0.26 0.78 0.07 0.91 0.26 0.09 0.13 0.37 0.15 0.91 0.00 0.41 0.72 0.70 0.07 0.98 0.00 0.65 0.00 0.93 0.07 0.00 0.02 0.07 0.07 0.54 0.96 0.98 0.91 1.00 0.98 0.11 0.07 0.48 0.91 0.91 0.63 0.78 0.00 0.07 0.07 0.98 0.07 0.91 0.91 0.93 0.89 0.02 0.61 0.98 0.00 0.20 0.11 1.00 0.17 0.00 0.78 0.41 0.98 1.00 0.98 0.93 0.91 0.17 0.13 0.09 0.83 0.91 0.74 0.09 
0.09 0.63 0.98 0.02 0.70 0.33 0.33 0.00 0.98 0.98 0.07 0.59 0.26 0.91 0.13 0.28 0.78 0.91 0.39 0.98 0.83 0.91 0.98 0.07 0.91 0.63 0.59 0.00 0.98 0.13 0.07 0.26 0.78 0.07 0.91 0.26 0.07 0.13 0.37 0.15 0.89 0.00 0.41 0.72 0.67 0.07 0.98 0.00 0.65 0.00 0.91 0.07 0.00 0.00 0.07 0.07 0.52 0.96 0.98 0.91 0.98 0.98 0.09 0.09 0.46 0.91 0.91 0.63 0.78 0.00 0.07 0.07 0.98 0.07 0.91 0.91 0.91 0.89 0.00 0.61 0.98 0.00 0.17 0.11 0.98 0.17 0.00 0.78 0.39 0.98 0.98 1.00 0.91 0.91 0.15 0.13 0.07 0.83 0.91 0.74 0.07 
0.02 0.67 0.93 0.04 0.65 0.39 0.26 0.07 0.91 0.91 0.00 0.52 0.22 0.98 0.07 0.22 0.87 0.98 0.46 0.91 0.78 0.98 0.91 0.00 1.00 0.57 0.65 0.07 0.93 0.07 0.00 0.20 0.85 0.00 0.98 0.20 0.02 0.07 0.30 0.09 0.85 0.07 0.48 0.65 0.63 0.00 0.91 0.07 0.59 0.07 0.87 0.00 0.07 0.09 0.00 0.13 0.61 0.89 0.91 0.98 0.93 0.91 0.04 0.00 0.54 0.98 0.98 0.70 0.85 0.07 0.00 0.13 0.91 0.13 0.98 0.98 1.00 0.96 0.09 0.54 0.91 0.07 0.26 0.17 0.93 0.24 0.07 0.85 0.35 0.91 0.93 0.91 1.00 0.85 0.24 0.07 0.02 0.89 0.98 0.80 0.02 
0.15 0.54 0.91 0.09 0.63 0.26 0.39 0.07 0.91 0.91 0.13 0.61 0.33 0.85 0.15 0.35 0.85 0.85 0.33 0.91 0.76 0.85 0.91 0.13 0.85 0.57 0.52 0.07 0.91 0.20 0.13 0.33 0.85 0.13 0.85 0.28 0.13 0.15 0.43 0.22 0.83 0.07 0.35 0.65 0.61 0.13 0.91 0.07 0.72 0.07 0.93 0.13 0.07 0.07 0.13 0.13 0.46 0.89 0.91 0.85 0.91 0.91 0.15 0.13 0.48 0.85 0.85 0.57 0.72 0.07 0.13 0.04 0.91 0.00 0.85 0.85 0.85 0.83 0.07 0.54 0.91 0.07 0.24 0.04 0.91 0.11 0.07 0.72 0.41 0.91 0.91 0.91 0.85 1.00 0.09 0.20 0.13 0.76 0.85 0.67 0.13 
0.74 0.52 0.17 0.80 0.46 0.76 0.54 0.83 0.15 0.15 0.76 0.46 0.63 0.22 0.83 0.54 0.15 0.22 0.74 0.15 0.28 0.22 0.15 0.76 0.24 0.50 0.46 0.83 0.17 0.70 0.76 0.61 0.13 0.76 0.22 0.65 0.78 0.83 0.54 0.67 0.26 0.83 0.72 0.41 0.43 0.76 0.15 0.83 0.26 0.83 0.15 0.76 0.83 0.85 0.76 0.76 0.63 0.17 0.15 0.22 0.17 0.15 0.76 0.76 0.61 0.22 0.22 0.37 0.35 0.83 0.76 0.85 0.15 0.89 0.22 0.22 0.24 0.24 0.85 0.48 0.15 0.83 0.72 0.93 0.17 0.87 0.83 0.26 0.67 0.15 0.17 0.15 0.24 0.09 1.00 0.78 0.78 0.30 0.22 0.30 0.78 
0.89 0.37 0.13 0.87 0.41 0.65 0.65 0.85 0.13 0.13 0.91 0.52 0.76 0.07 0.93 0.74 0.11 0.07 0.59 0.13 0.28 0.07 0.13 0.91 0.07 0.43 0.26 0.85 0.13 0.85 0.91 0.72 0.11 0.91 0.07 0.76 0.91 0.93 0.65 0.83 0.22 0.85 0.57 0.39 0.43 0.91 0.13 0.85 0.46 0.85 0.20 0.91 0.85 0.85 0.91 0.78 0.41 0.15 0.13 0.07 0.13 0.13 0.89 0.91 0.52 0.07 0.07 0.22 0.20 0.85 0.91 0.78 0.13 0.78 0.07 0.07 0.07 0.09 0.85 0.46 0.13 0.85 0.67 0.85 0.13 0.67 0.85 0.07 0.67 0.13 0.13 0.13 0.07 0.20 0.78 1.00 0.91 0.15 0.07 0.11 0.91 
0.96 0.30 0.09 0.93 0.37 0.59 0.72 0.91 0.07 0.07 0.98 0.46 0.80 0.00 0.91 0.76 0.15 0.00 0.52 0.07 0.24 0.00 0.07 0.98 0.02 0.41 0.33 0.91 0.09 0.91 0.98 0.78 0.13 0.98 0.00 0.78 1.00 0.91 0.67 0.89 0.17 0.91 0.50 0.33 0.39 0.98 0.07 0.91 0.39 0.91 0.15 0.98 0.91 0.93 0.98 0.85 0.41 0.09 0.07 0.00 0.09 0.07 0.98 0.98 0.48 0.00 0.00 0.28 0.13 0.91 0.98 0.85 0.07 0.85 0.00 0.00 0.02 0.02 0.93 0.43 0.07 0.91 0.76 0.80 0.09 0.74 0.91 0.13 0.67 0.07 0.09 0.07 0.02 0.13 0.78 0.91 1.00 0.09 0.00 0.17 1.00 
0.11 0.67 0.83 0.13 0.72 0.48 0.22 0.15 0.83 0.83 0.09 0.48 0.28 0.89 0.15 0.13 0.76 0.89 0.54 0.83 0.80 0.89 0.83 0.09 0.89 0.65 0.74 0.15 0.83 0.15 0.09 0.28 0.76 0.09 0.89 0.28 0.09 0.15 0.39 0.04 0.74 0.15 0.57 0.74 0.65 0.09 0.83 0.15 0.50 0.15 0.76 0.09 0.15 0.15 0.09 0.22 0.67 0.80 0.83 0.89 0.83 0.83 0.11 0.09 0.61 0.89 0.89 0.74 0.76 0.15 0.09 0.22 0.83 0.22 0.89 0.89 0.89 0.87 0.15 0.59 0.83 0.15 0.33 0.26 0.83 0.33 0.15 0.76 0.41 0.83 0.83 0.83 0.89 0.76 0.30 0.15 0.09 1.00 0.89 0.72 0.09 
0.04 0.67 0.91 0.04 0.63 0.39 0.28 0.07 0.93 0.91 0.02 0.52 0.20 0.98 0.09 0.22 0.85 0.98 0.48 0.91 0.76 0.98 0.91 0.00 0.98 0.57 0.67 0.07 0.91 0.07 0.00 0.20 0.85 0.00 1.00 0.20 0.00 0.07 0.30 0.09 0.83 0.07 0.50 0.65 0.61 0.00 0.91 0.07 0.59 0.07 0.85 0.00 0.07 0.07 0.00 0.13 0.59 0.89 0.93 0.98 0.91 0.91 0.02 0.00 0.52 0.98 0.98 0.70 0.85 0.07 0.00 0.13 0.91 0.13 0.98 0.98 0.98 0.96 0.07 0.54 0.93 0.07 0.24 0.17 0.91 0.24 0.09 0.85 0.33 0.91 0.91 0.91 0.98 0.85 0.22 0.07 0.00 0.89 1.00 0.80 0.00 
0.20 0.59 0.74 0.22 0.67 0.43 0.35 0.24 0.74 0.74 0.17 0.43 0.33 0.80 0.15 0.17 0.80 0.80 0.46 0.74 0.67 0.80 0.74 0.17 0.80 0.61 0.78 0.24 0.74 0.11 0.17 0.37 0.80 0.17 0.80 0.33 0.17 0.15 0.43 0.26 0.74 0.24 0.52 0.65 0.48 0.17 0.74 0.24 0.41 0.24 0.67 0.17 0.24 0.24 0.17 0.17 0.67 0.76 0.74 0.80 0.74 0.74 0.15 0.17 0.57 0.80 0.80 0.74 0.67 0.24 0.17 0.30 0.74 0.30 0.80 0.80 0.80 0.83 0.24 0.50 0.74 0.24 0.37 0.26 0.74 0.41 0.24 0.93 0.37 0.74 0.74 0.74 0.80 0.67 0.30 0.11 0.17 0.72 0.80 1.00 0.17 
0.96 0.30 0.09 0.93 0.37 0.59 0.72 0.91 0.07 0.07 0.98 0.46 0.80 0.00 0.91 0.76 0.15 0.00 0.52 0.07 0.24 0.00 0.07 0.98 0.02 0.41 0.33 0.91 0.09 0.91 0.98 0.78 0.13 0.98 0.00 0.78 1.00 0.91 0.67 0.89 0.17 0.91 0.50 0.33 0.39 0.98 0.07 0.91 0.39 0.91 0.15 0.98 0.91 0.93 0.98 0.85 0.41 0.09 0.07 0.00 0.09 0.07 0.98 0.98 0.48 0.00 0.00 0.28 0.13 0.91 0.98 0.85 0.07 0.85 0.00 0.00 0.02 0.02 0.93 0.43 0.07 0.91 0.76 0.80 0.09 0.74 0.91 0.13 0.67 0.07 0.09 0.07 0.02 0.13 0.78 0.91 1.00 0.09 0.00 0.17 1.00 
