Round: 0
667.3152999999994
Round: 1
637.3150999999986
Round: 2
648.4997000000006
Round: 3
646.1405000000019
Round: 4
664.6400999999996
Round: 5
568.060900000001
Round: 6
730.7742999999977
[ 0.  1.  1.  0.  1.  0.  1.  1.  1.  0.  0.  1.  0.  0.  0.  1.  1.  0.
 -0.  1.  0. -0.  0.  0.  1. -0.  0.  0.  1.  0.  1.  1.  0.  0.  1.  0.
 -0.  1.  1.  0.  1.  0.  1.  0.  0. -0.  1.  0.  1.  1.  1.  0.  1.  1.
  1.  1.  1.  0.  0.  0.  0.  0.  0.  1.  1.  0.  0.  0. -0.  1.  1.  1.
  1.  0.  1.  0.  0.  0.  0.  1.  0.  0.  1.  1.  1.  0.  1.  1.  0.  1.
  0.  0.  0.  0.  0.  1.  1.  1. -0. -0.  0.  1.]
Round: 7
673.9759000000012
Round: 8
714.8256999999995
Round: 9
656.4003000000001
Round: 10
622.0275000000019
Round: 11
722.6446999999993
[ 0.  1.  0.  0.  1.  0.  0.  1.  1.  0.  0.  1.  0.  1. -0. -0.  1.  1.
  0.  0.  0.  0. -0.  0.  1.  0.  0.  0.  1.  0.  1.  1.  1.  1.  1.  0.
  0.  1.  0.  1.  1.  0.  1.  0.  0.  0.  1.  0.  1.  1.  1.  1.  1.  1.
  1.  1.  1.  0.  0.  0.  0.  0.  0.  1.  1.  0.  0. -0.  1. -0.  1.  1.
  0.  0.  0.  0.  0.  0.  0.  1.  0.  0.  1.  1.  0.  0. -0.  1.  0. -0.
  0.  0.  0.  0.  1. -0.  1.  1. -0.  0.  0.  1.]
Round: 12
692.950299999999
Round: 13
637.6135000000011
Round: 14
701.6580999999984
Round: 15
729.7428999999973
[ 0.  1. -0.  0.  1.  0.  0.  1.  1.  0. -0.  1.  0.  0.  0.  1.  1.  0.
  0.  0.  0.  0.  0.  0.  1.  0.  0. -0.  1.  0.  1.  1.  1.  0.  1.  0.
  1.  1.  1.  0.  1.  0.  1.  0.  0.  0.  1.  0.  1.  1.  1. -0.  1.  1.
  1.  1.  1.  0.  0.  0.  0.  0.  0.  1.  1.  0. -0.  0. -0. -0.  1.  1.
  1.  0.  1. -0.  0. -0.  0.  1.  1.  0.  1.  1.  1.  0.  0.  1.  0.  1.
  0.  0.  0.  0. -0.  0.  1.  1.  0.  0.  0.  1.]
Round: 16
673.9334999999995
Round: 17
709.1956999999987
Round: 18
676.0060999999979
Round: 19
672.753500000001
Round: 20
660.2393000000001
Round: 21
703.6406999999994
Round: 22
641.9810999999987
Round: 23
664.3238999999986
Round: 24
650.8037000000003
Round: 25
640.0857000000004
Round: 26
702.855699999999
Round: 27
682.805099999999
Round: 28
661.2121000000008
Round: 29
670.5957000000011
Round: 30
617.2346999999992
Round: 31
700.9672999999995
Round: 32
698.5399000000012
Round: 33
680.7198999999981
Round: 34
619.604300000001
Round: 35
692.9924999999988
Round: 36
595.3148999999992
Round: 37
632.1672999999995
Round: 38
623.8131000000002
Round: 39
714.0288999999976
Round: 40
650.0023000000011
Round: 41
601.8964999999988
Round: 42
684.1254999999991
Round: 43
660.6250999999994
Round: 44
647.7268999999998
Round: 45
667.6860999999975
Round: 46
685.6570999999986
Round: 47
603.0798999999987
Round: 48
670.0013000000007
Round: 49
672.9140999999976
Round: 50
589.3362999999982
Round: 51
625.3354999999982
Round: 52
692.7430999999989
Round: 53
624.7619000000008
Round: 54
713.7532999999993
Round: 55
707.6850999999964
Round: 56
664.6792999999985
Round: 57
628.509899999999
Round: 58
616.2361000000005
Round: 59
691.0693000000002
Round: 60
675.280900000001
Round: 61
617.8630999999982
Round: 62
703.3370999999983
Round: 63
700.9672999999995
Round: 64
696.5433000000002
Round: 65
641.4228999999997
Round: 66
661.0106999999983
Round: 67
697.5376999999972
Round: 68
715.0728999999998
Round: 69
631.2493000000005
Round: 70
661.4350999999989
Round: 71
670.6186999999994
Round: 72
654.3638999999995
Round: 73
624.8649000000008
Round: 74
704.3682999999993
Round: 75
652.2107000000002
Round: 76
594.3657000000001
Round: 77
645.9774999999995
Round: 78
663.4088999999982
Round: 79
595.366500000002
Round: 80
661.4436999999995
Round: 81
651.2876999999982
Round: 82
686.8364999999991
Round: 83
730.7476999999986
[ 0.  0.  1.  0.  1.  0.  1.  0.  1.  0. -0.  0.  0.  0.  1.  0.  0.  1.
  1.  1.  0. -0.  1.  0. -0.  1.  0.  1.  1.  0.  0.  0. -0.  1.  0.  1.
  0.  0.  0.  0. -0.  0.  1.  1. -0.  0.  0.  0.  1.  0.  1.  0. -0.  1.
  1.  0.  1.  1.  0.  0.  1.  0.  0. -0.  0.  1.  1.  1.  1.  1.  1.  0.
  1.  0.  1.  1.  1.  1.  1.  1.  0.  0.  1.  1.  1.  0.  1.  1.  1.  0.
  0.  0.  0.  1.  0.  1.  0. -0.  1.  1.  1.  0.]
Round: 84
707.3218999999971
Round: 85
566.675300000001
Round: 86
651.4244999999996
Round: 87
578.3282999999997
Round: 88
730.4581
[ 0.  1.  0.  0.  1.  0.  0.  1.  1.  0.  0.  1.  0.  1. -0.  0.  1.  1.
  0.  0.  0.  0.  0.  0.  1. -0.  0.  0.  1. -0.  1.  1.  1.  1.  1.  0.
  0.  1.  0.  1.  1.  0.  1.  0.  0. -0.  1.  0.  1.  1.  1. -0.  1.  1.
  1.  1.  1.  0. -0.  0.  0.  0.  0.  1.  1. -0.  0. -0. -0. -0.  1.  1.
  1.  0.  0.  0. -0.  0.  0.  1.  0.  0.  1.  1. -0.  0.  1.  1. -0. -0.
  0.  0.  0.  0.  1.  0.  1.  1. -0.  0.  0.  1.]
Round: 89
628.9106999999984
Round: 90
604.3180999999997
Round: 91
664.0330999999995
Round: 92
621.3543000000005
Round: 93
641.604299999999
Round: 94
592.1162999999999
Round: 95
681.4896999999984
Round: 96
605.7614999999993
Round: 97
608.2703000000018
Round: 98
674.1457000000004
Round: 99
587.2558999999999
